.VERSION 1.0
.DATA_SOURCE apple
.DATA_ID August-93-sample
.COMMENT    #####################
            ### DOCUMENTATION ###
            #####################

.DATA_CONTACT    
            Name:       Bill Stafford
            Email:      stafford@apple.com
            Phone:      (408)974-8410

            Name:       Larry Yaeger
            Email:      larryy@apple.com
            Phone:      (408)974-6082

            Name:       Dick Lyon
            Email:      lyon@apple.com
            Phone:      (408)974-1569

            Fax:        (408)974-0781

            Affiliation:    Apple Computer, Inc.
            Address:    20525 Mariani Ave, MS:301-4H
                        Cupertino, CA 95014, USA

.SETUP      Site:       Apple Computer
                        City Center 4, Cupertino, CA
            Time:       Summer 1992
            Conditions: Supervised recording conditions
                        People sitting at a desk
            Writers:    Volunteers
            Form layout:    Window with a baseline

.DATA_INFO  Alphabet:   Latin, mixed case
            Lexicon:    English words, punctuation, sequences of
                        letters and punctuation, and simple math expressions.
            Quality:    Some segmentation errors.  Writers indicated how many
                        strokes they used to write each character in the
                        character set.  Visual feedback was given to the
                        writer as the ink was segmented.
            Writing style:  Printed
            Segmentation:   Segments are sentences, Sub-Segments are characters

.PAD        Machine name:    Wacom SD-510C
            Display:    Apple monitor
                        Matrix 640  x 480 points
                        black ink on white background
            Pen:        Untethered pen with tip switch.
            Driver:     Home made.  Tablet produced screen pixel
                        values.  Screen was 72dpi, actual pen tip travel
                        distances are unknown.

.STYLE PRINTED
.HIERARCHY SENTENCE LETTER  
.COORD X Y
.COMMENT The next are guesses:
.POINTS_PER_SECOND 100
.X_POINTS_PER_INCH 1000
.Y_POINTS_PER_INCH 1000

.COMMENT Note of the traductor version 0.0 to 0.5: strokes with zero length
were counted in the initial version. Segment delineations have been replaced
by a ?

.WRITER_ID ArRe
.SEGMENT SENTENCE  ? ? "big inky devils wax merciful"
.SEGMENT LETTER  ? ? "b"
.PEN_DOWN
	52	434
	52	433
	51	432
	51	430
	50	429
	50	427
	50	425
	50	423
	50	421
	50	418
	50	416
	50	413
	50	410
	50	406
	51	404
	51	402
	51	400
	51	399
	51	398
	51	397
	51	396
	51	395
	51	394
	50	393
	50	392
	50	393
	50	394
	50	395
	51	397
	52	398
	52	399
	53	400
	54	401
	55	402
	56	402
	57	403
	57	404
	58	404
	60	405
	61	405
	61	404
	62	403
	62	402
	62	401
	63	400
	63	399
	63	398
	63	396
	63	394
	63	393
	63	392
	63	391
	62	390
	62	389
	61	389
	60	388
	59	387
	58	387
	57	387
	56	387
	56	388
	56	389
.PEN_UP
.SEGMENT LETTER  ? ? "i"
.PEN_DOWN
	80	404
	80	403
	80	402
	79	400
	79	399
	79	398
	79	397
	79	396
	79	394
	79	393
	80	392
	80	391
	80	390
	80	389
	80	387
	80	386
	80	385
	81	385
	82	385
	83	386
	84	387
	85	388
	86	389
	86	390
	87	391
.PEN_UP
.PEN_DOWN
	82	419
	82	420
.PEN_UP
.SEGMENT LETTER  ? ? "g"
.PEN_DOWN
	112	404
	112	405
	112	406
	111	406
	111	407
	110	408
	109	408
	108	408
	107	407
	106	407
	105	406
	104	405
	103	404
	101	402
	101	401
	100	400
	100	399
	100	398
	100	397
	100	396
	101	395
	101	394
	102	393
	103	392
	104	392
	106	392
	107	393
	108	393
	108	394
	109	395
	110	395
	110	397
	111	398
	111	399
	112	401
	112	402
	112	403
	112	404
	112	405
	112	404
	112	403
	113	402
	113	401
	113	399
	113	398
	113	397
	113	395
	113	394
	114	389
	114	387
	114	385
	114	382
	114	380
	114	377
	114	374
	114	371
	114	369
	114	366
	113	365
	112	363
	111	361
	110	361
	109	361
	108	361
	107	361
	106	361
	105	362
	103	363
	103	364
.PEN_UP
.SEGMENT LETTER  ? ? "i"
.PEN_DOWN
	156	405
	156	404
	156	403
	156	401
	155	400
	155	399
	155	398
	155	397
	155	395
	155	394
	155	393
	155	392
	156	391
	156	390
	156	389
	157	387
	157	386
	158	385
	159	385
	160	385
.PEN_UP
.PEN_DOWN
	156	417
	156	418
	156	419
.PEN_UP
.SEGMENT LETTER  ? ? "n"
.PEN_DOWN
	171	406
	171	405
	171	404
	170	403
	170	402
	170	401
	170	400
	170	399
	170	398
	170	397
	170	395
	171	394
	171	393
	171	392
	171	389
	171	388
	171	387
	172	386
	172	385
	172	384
	172	383
	172	382
	172	383
	172	384
	173	385
	173	386
	173	387
	173	389
	174	390
	174	391
	174	393
	175	395
	175	397
	176	398
	176	399
	176	400
	177	400
	177	401
	177	402
	178	402
	178	403
	179	403
	180	404
	181	404
	182	404
	183	403
	183	402
	183	401
	183	400
	183	399
	183	398
	183	394
	182	393
	182	391
	182	389
	182	388
	182	386
	182	384
	182	383
	183	382
	183	381
	184	380
	185	380
.PEN_UP
.SEGMENT LETTER  ? ? "k"
.PEN_DOWN
	197	425
	197	423
	197	421
	197	420
	197	419
	197	417
	197	415
	197	413
	197	411
	197	409
	197	407
	197	404
	197	402
	197	398
	197	396
	197	394
	197	392
	197	390
	197	389
	197	388
	197	387
	197	386
	197	385
	196	385
	196	386
	196	387
	196	388
	196	389
	196	390
	196	391
	196	393
	196	394
	196	395
	196	397
	197	399
	197	400
	197	402
	197	403
	198	404
	198	405
	199	406
	200	407
	201	407
	201	408
	202	408
	203	409
	205	409
	206	409
	207	409
	208	409
	209	409
	210	409
	210	408
	211	408
	211	407
	211	406
	211	405
	210	405
	210	404
	209	403
	208	403
	208	402
	207	401
	206	401
	206	400
	205	400
	204	399
	204	398
	204	397
	204	396
	204	395
	204	394
	205	393
	205	392
	206	391
	207	390
	208	389
	209	388
	210	387
	211	386
	212	385
	212	384
	213	384
	213	383
	214	383
.PEN_UP
.SEGMENT LETTER  ? ? "y"
.PEN_DOWN
	220	404
	221	404
	221	405
	222	406
	223	407
	224	407
	224	408
	225	408
	226	408
	227	408
	229	408
	230	408
	230	407
	229	406
	229	405
	228	404
	227	403
	226	401
	226	400
	226	399
	225	398
	225	396
	225	395
	225	394
	226	393
	226	392
	226	391
	227	390
	227	389
	228	389
	229	389
	230	389
	231	389
	232	390
	233	390
	233	391
	234	392
	235	393
	235	394
	236	397
	236	398
	236	399
	236	400
	237	401
	237	402
	237	403
	237	404
	237	405
	238	405
	238	404
	238	403
	239	402
	239	401
	239	400
	239	399
	239	398
	239	397
	239	395
	239	393
	239	392
	239	390
	240	387
	240	385
	240	380
	241	378
	241	375
	241	373
	241	371
	241	369
	241	367
	241	365
	241	364
	240	363
	240	362
	238	360
	237	360
	236	360
	235	360
	233	360
	232	360
	231	361
	230	362
	229	364
.PEN_UP
.SEGMENT LETTER  ? ? "d"
.PEN_DOWN
	273	402
	274	402
	275	403
	276	404
	276	405
	276	406
	276	407
	275	407
	274	408
	273	408
	270	408
	270	407
	269	407
	267	406
	266	404
	265	403
	264	402
	261	399
	261	398
	261	397
	261	396
	261	394
	261	393
	261	392
	262	391
	262	390
	263	389
	264	389
	265	388
	266	388
	267	388
	268	389
	269	389
	269	390
	270	391
	271	392
	271	393
	272	395
	273	396
	274	398
	274	400
	275	402
	275	404
	276	407
	276	410
	277	413
	277	416
	278	418
	280	424
	280	425
	281	427
	282	429
	282	430
	282	431
	282	432
	282	431
	282	430
	282	429
	282	428
	281	427
	281	425
	281	424
	280	422
	280	420
	280	418
	279	416
	279	413
	278	411
	278	408
	278	406
	278	404
	278	402
	278	399
	279	398
	279	395
	279	394
	280	393
	281	392
	282	392
	283	392
	284	392
	285	392
	286	392
.PEN_UP
.SEGMENT LETTER  ? ? "e"
.PEN_DOWN
	298	398
	299	398
	300	399
	301	400
	303	401
	304	402
	305	402
	306	403
	307	404
	308	404
	309	405
	309	406
	310	407
	310	409
	310	410
	310	411
	310	412
	309	412
	308	412
	307	412
	306	412
	305	410
	304	409
	303	408
	302	407
	301	406
	300	405
	300	403
	299	402
	299	401
	299	400
	299	398
	300	395
	301	394
	302	393
	302	392
	304	391
	304	390
	305	390
	306	389
	307	388
	308	388
.PEN_UP
.SEGMENT LETTER  ? ? "v"
.PEN_DOWN
	319	407
	320	407
	320	408
	320	409
	321	410
	322	410
	322	411
	323	411
	324	411
	324	412
	325	412
	326	412
	327	412
	328	412
	328	411
	328	410
	328	409
	327	408
	327	407
	326	406
	325	403
	325	402
	325	400
	325	398
	325	397
	325	396
	325	394
	325	393
	325	392
	326	391
	326	390
	327	389
	328	388
	329	388
	330	388
	331	388
	332	388
	333	389
	334	390
	334	391
	335	393
	336	395
	336	397
	337	398
	337	399
	337	400
	337	402
	336	402
	336	403
	336	404
	336	405
	336	406
	336	407
	337	407
	337	408
	338	408
	339	408
	340	408
	341	408
	342	408
	343	408
.PEN_UP
.SEGMENT LETTER  ? ? "i"
.PEN_DOWN
	352	405
	352	404
	352	403
	352	402
	352	401
	352	400
	352	398
	353	397
	353	396
	354	395
	354	394
	354	393
	354	392
	354	391
	354	390
	354	389
	355	389
	356	389
	357	389
	359	390
	360	391
	361	392
	362	392
	362	393
	363	393
.PEN_UP
.PEN_DOWN
	351	419
	350	420
	350	421
	351	421
.PEN_UP
.SEGMENT LETTER  ? ? "l"
.PEN_DOWN
	381	426
	381	427
	381	426
	381	425
	380	425
	380	423
	380	422
	379	420
	379	418
	379	416
	378	412
	378	409
	377	407
	377	405
	377	403
	377	401
	376	400
	376	398
	376	396
	376	395
	376	394
	376	393
	376	390
	376	389
	377	389
	377	388
	378	388
	379	388
	380	388
	381	388
	382	388
	383	389
	384	390
	385	390
	385	391
	386	391
	387	391
	388	392
.PEN_UP
.SEGMENT LETTER  ? ? "s"
.PEN_DOWN
	406	410
	406	411
	405	411
	404	411
	403	411
	402	411
	402	410
	400	410
	399	410
	399	409
	398	409
	398	408
	398	407
	399	407
	399	406
	399	405
	400	403
	400	402
	401	402
	401	401
	402	400
	403	399
	404	398
	404	397
	405	396
	405	395
	406	394
	406	393
	406	390
	405	389
	404	388
	403	387
	402	387
	401	387
	400	387
	399	387
	397	387
	396	388
	396	389
.PEN_UP
.SEGMENT LETTER  ? ? "w"
.PEN_DOWN
	436	407
	437	407
	437	406
	437	405
	437	404
	437	402
	437	401
	438	400
	438	398
	438	397
	438	395
	439	394
	439	391
	440	390
	440	389
	440	388
	441	387
	441	386
	441	387
	442	387
	442	388
	443	388
	444	389
	445	389
	445	390
	446	390
	446	391
	447	392
	447	393
	448	393
	448	394
	448	395
	449	395
	449	396
	449	397
	450	398
	450	399
	450	400
	449	400
	449	401
	449	402
	448	402
	448	403
	448	402
	448	401
	448	400
	448	399
	448	398
	449	396
	449	395
	449	393
	450	392
	450	391
	450	390
	450	389
	451	388
	451	387
	452	386
	453	385
	454	385
	455	385
	456	386
	456	387
	457	387
	458	389
	458	390
	459	391
	460	392
	460	394
	461	397
	461	399
	461	400
	461	402
	461	403
.PEN_UP
.SEGMENT LETTER  ? ? "a"
.PEN_DOWN
	467	404
	468	404
	468	405
	469	406
	470	406
	470	407
	471	407
	472	407
	473	407
	474	407
	475	407
	476	407
	477	407
	478	407
	478	406
	479	405
	479	404
	479	403
	479	402
	478	402
	478	401
	478	400
	477	400
	477	399
	476	398
	475	396
	474	395
	474	394
	473	394
	473	393
	472	392
	472	391
	472	390
	472	389
	473	389
	473	388
	474	388
	474	387
	475	387
	476	387
	477	387
	478	388
	478	389
	479	389
	479	391
	479	393
	479	394
	479	395
	479	396
	479	397
	479	398
	479	399
.PEN_UP
.SEGMENT LETTER  ? ? "x"
.PEN_DOWN
	490	406
	490	405
	491	404
	492	403
	493	402
	494	401
	495	400
	496	399
	496	398
	497	396
	497	395
	498	394
	499	393
	501	390
	501	389
	502	388
	503	387
	503	386
	504	386
	504	385
	504	386
.PEN_UP
.PEN_DOWN
	504	408
	504	407
	503	407
	502	407
	502	406
	501	405
	498	402
	497	401
	496	399
	494	398
	493	396
	491	395
	490	393
	489	392
	489	390
	488	389
	488	388
	488	387
	489	386
.PEN_UP
.SEGMENT LETTER  ? ? "m"
.PEN_DOWN
	534	412
	535	412
	536	412
	536	411
	536	410
	536	409
	536	407
	536	406
	536	405
	536	403
	535	402
	535	400
	535	398
	535	396
	536	395
	536	394
	536	393
	536	392
	536	391
	536	390
	536	389
	536	390
	537	390
	537	391
	537	392
	537	393
	538	393
	538	394
	538	395
	539	396
	539	397
	540	399
	541	400
	541	401
	542	402
	543	403
	544	404
	545	405
	545	406
	546	406
	547	406
	547	407
	548	407
	548	406
	548	405
	548	404
	547	403
	547	402
	547	399
	546	398
	546	397
	546	396
	546	395
	546	394
	546	393
	547	392
	547	391
	547	390
	547	391
	548	392
	548	393
	549	394
	549	395
	550	396
	551	397
	552	399
	553	401
	553	402
	554	403
	555	404
	555	405
	556	406
	557	407
	558	407
	559	407
	560	406
	560	405
	560	404
	560	403
	560	402
	560	401
	560	398
	560	396
	560	395
	560	393
	560	392
	561	390
	561	389
	561	388
.PEN_UP
.SEGMENT LETTER  ? ? "e"
.PEN_DOWN
	571	394
	572	394
	572	395
	573	395
	574	396
	575	397
	576	397
	577	398
	579	398
	580	399
	583	399
	584	400
	585	400
	586	401
	587	401
	587	402
	587	403
	587	404
	586	405
	586	406
	585	407
	584	408
	583	408
	582	408
	582	407
	581	407
	580	407
	579	406
	578	406
	577	405
	576	403
	575	402
	574	401
	574	400
	574	399
	574	398
	574	397
	574	396
	574	395
	574	393
	575	390
	575	389
	576	389
	577	388
	578	387
	579	387
	580	387
	581	386
	582	386
	583	386
	585	386
.PEN_UP
.SEGMENT LETTER  ? ? "r"
.PEN_DOWN
	600	407
	600	406
	600	405
	600	404
	600	403
	600	402
	600	400
	600	399
	600	398
	600	396
	600	395
	600	393
	600	392
	600	391
	600	390
	600	389
	600	388
	600	387
	601	386
	600	386
	600	387
	600	388
	600	389
	600	390
	600	393
	600	394
	601	395
	601	396
	601	398
	602	399
	603	400
	603	401
	604	402
	607	403
	608	403
	609	404
	610	404
	611	404
	613	404
.PEN_UP
.SEGMENT LETTER  ? ? "c"
.PEN_DOWN
	628	404
	629	404
	630	404
	631	404
	631	403
	632	403
	633	403
	634	402
	634	403
	634	404
	633	404
	632	405
	631	405
	630	405
	629	405
	628	405
	627	404
	626	403
	625	402
	624	402
	623	401
	622	400
	621	399
	620	398
	620	397
	620	396
	620	395
	621	394
	622	393
	623	392
	624	391
	625	390
	626	389
	626	388
	627	387
	628	386
	629	385
	631	384
	632	384
.PEN_UP
.SEGMENT LETTER  ? ? "i"
.PEN_DOWN
	649	401
	649	400
	649	399
	648	399
	648	398
	647	397
	647	396
	647	395
	647	394
	647	393
	648	392
	649	391
	650	390
	650	389
	651	389
	652	389
	653	389
	654	389
	655	389
	656	389
	657	390
	658	390
	658	391
.PEN_UP
.PEN_DOWN
	652	418
	651	419
	651	420
.PEN_UP
.SEGMENT LETTER  ? ? "f"
.PEN_DOWN
	683	408
	682	409
	682	410
	681	410
	681	411
	680	411
	679	411
	678	410
	678	409
	678	408
	678	407
	677	407
	677	405
	677	404
	677	403
	677	402
	677	401
	677	400
	676	398
	676	397
	676	396
	676	394
	676	392
	676	391
	676	387
	676	385
	677	383
	677	381
	677	379
	677	378
	677	376
	676	374
	676	372
	676	371
	676	369
	675	366
	675	365
	674	364
	674	363
	674	362
	673	361
.PEN_UP
.PEN_DOWN
	667	395
	668	395
	668	396
	669	396
	670	396
	671	397
	673	397
	676	397
	678	397
	679	397
	681	396
	683	396
	685	396
	687	396
	688	396
.PEN_UP
.SEGMENT LETTER  ? ? "u"
.PEN_DOWN
	693	401
	694	402
	695	403
	695	404
	696	404
	697	405
	698	405
	699	405
	699	404
	699	403
	699	402
	698	402
	698	401
	697	400
	697	399
	696	398
	696	396
	695	393
	695	392
	695	391
	695	389
	695	388
	695	387
	695	386
	696	385
	696	384
	697	384
	698	384
	698	385
	699	386
	700	387
	701	388
	701	389
	702	390
	702	391
	703	393
	704	394
	704	395
	705	396
	705	397
	705	398
	706	398
	706	399
	706	398
	706	397
	705	397
	705	396
	705	395
	705	394
	705	393
	705	392
	705	391
	706	390
	706	389
	707	388
	708	387
	710	385
	711	385
	712	384
	713	384
	715	383
	716	383
	717	383
	718	383
	719	383
.PEN_UP
.SEGMENT LETTER  ? ? "l"
.PEN_DOWN
	722	396
	723	396
	724	396
	724	397
	725	397
	726	398
	727	398
	728	399
	729	400
	730	401
	731	402
	732	404
	732	406
	733	407
	733	408
	733	409
	733	410
	733	411
	733	413
	733	414
	733	415
	733	416
	733	417
	733	418
	733	419
	733	420
	734	420
	733	420
	733	419
	732	419
	732	418
	731	417
	730	416
	730	415
	729	413
	729	412
	729	410
	728	409
	728	407
	727	405
	726	403
	726	401
	725	398
	724	396
	724	392
	723	390
	723	388
	723	386
	723	384
	723	383
	723	381
	723	380
	723	379
	723	378
	723	376
	724	375
	724	374
	725	374
	726	374
	727	374
	728	374
	729	374
	730	375
	731	375
	732	375
	733	376
	733	377
.PEN_UP

.SEGMENT SENTENCE  ? ? "on copy type job"
.SEGMENT LETTER  ? ? "o"
.PEN_DOWN
	43	395
	44	396
	44	397
	44	398
	44	399
	43	399
	42	399
	41	400
	40	400
	39	400
	38	399
	37	399
	36	398
	35	397
	34	396
	33	395
	32	393
	31	392
	30	390
	29	389
	29	388
	28	386
	28	383
	28	382
	28	381
	28	380
	29	379
	29	378
	30	377
	31	376
	32	376
	34	376
	37	376
	38	377
	39	378
	40	379
	41	380
	42	382
	43	383
	43	384
	44	385
	44	387
	44	388
	45	391
	45	392
	45	393
	45	394
	45	395
	45	396
	45	397
	46	396
	46	397
	46	396
.PEN_UP
.SEGMENT LETTER  ? ? "n"
.PEN_DOWN
	75	400
	74	400
	74	399
	74	398
	74	397
	73	396
	73	395
	73	394
	73	393
	72	392
	72	391
	72	389
	72	387
	71	386
	71	384
	71	383
	71	382
	71	381
	71	380
	71	379
	72	379
	72	380
	72	381
	72	382
	73	383
	73	384
	73	386
	74	387
	74	388
	75	390
	76	391
	76	392
	77	393
	78	394
	78	395
	79	395
	80	396
	81	397
	81	398
	82	398
	83	398
	84	398
	85	398
	85	397
	85	396
	85	395
	85	394
	85	392
	85	390
	85	389
	85	388
	85	387
	85	386
	85	384
	86	384
	86	383
	87	382
	89	381
	90	381
	91	382
	93	382
	94	383
	95	384
.PEN_UP
.SEGMENT LETTER  ? ? "c"
.PEN_DOWN
	159	404
	159	403
	159	402
	159	401
	160	401
	160	400
	161	400
	162	400
	162	401
	162	402
	162	403
	162	404
	161	405
	161	406
	160	407
	158	407
	157	407
	156	407
	155	407
	154	405
	153	404
	152	403
	152	402
	151	401
	151	399
	150	398
	149	397
	149	396
	149	394
	149	393
	149	390
	149	389
	150	388
	151	387
	152	386
	153	385
	154	384
	155	384
	156	384
	157	384
	158	384
	159	384
	161	385
.PEN_UP
.SEGMENT LETTER  ? ? "o"
.PEN_DOWN
	179	404
	178	404
	177	404
	176	403
	175	403
	175	402
	174	401
	174	400
	173	399
	172	398
	172	397
	172	394
	172	393
	173	392
	173	391
	173	390
	174	389
	175	388
	176	387
	177	386
	178	386
	179	386
	180	386
	181	386
	182	387
	182	388
	183	389
	183	390
	183	392
	183	393
	183	395
	183	397
	183	399
	183	401
	182	403
	182	405
	181	406
.PEN_UP
.SEGMENT LETTER  ? ? "p"
.PEN_DOWN
	197	405
	197	404
	197	403
	197	402
	197	401
	197	400
	197	398
	197	397
	197	396
	197	394
	197	393
	197	391
	197	389
	197	387
	197	382
	197	379
	197	376
	196	373
	196	371
	196	368
	196	366
	196	364
	196	363
	196	362
.PEN_UP
.PEN_DOWN
	197	409
	197	410
	198	411
	199	411
	199	412
	200	412
	201	412
	202	412
	203	412
	204	412
	206	411
	207	411
	209	410
	210	409
	211	408
	211	407
	212	406
	212	404
	212	403
	212	402
	212	401
	212	400
	210	398
	209	397
	208	396
	207	395
	205	394
	204	393
	203	392
	202	391
	201	391
	200	390
	199	389
	197	388
.PEN_UP
.SEGMENT LETTER  ? ? "y"
.PEN_DOWN
	218	404
	219	404
	219	405
	220	406
	221	407
	222	407
	223	408
	224	409
	225	409
	226	409
	227	410
	228	410
	229	410
	229	409
	228	408
	228	407
	227	406
	227	405
	226	404
	226	402
	226	400
	226	398
	226	397
	226	396
	226	395
	226	394
	227	393
	227	392
	228	391
	229	391
	230	391
	230	392
	231	393
	231	394
	232	395
	233	396
	233	398
	234	398
	235	400
	235	401
	236	402
	236	403
	237	404
	237	405
	238	406
	238	407
	238	408
	239	408
	239	407
	239	406
	239	405
	239	404
	239	403
	239	402
	239	400
	239	399
	239	398
	239	396
	240	393
	240	391
	240	389
	240	387
	240	384
	240	382
	239	380
	239	378
	239	375
	239	373
	238	371
	238	369
	238	366
	238	365
	238	364
	237	363
	237	362
	236	362
	235	362
	233	363
	232	363
	231	364
	230	365
	229	365
	228	366
.PEN_UP
.SEGMENT LETTER  ? ? "t"
.PEN_DOWN
	288	426
	288	425
	288	424
	288	422
	287	421
	287	420
	287	418
	287	416
	286	414
	286	412
	286	407
	286	405
	285	403
	285	401
	285	399
	285	398
	285	396
	285	395
	286	394
	286	393
	286	392
	286	391
	286	390
	286	389
	287	389
	288	389
	289	389
	290	390
	291	390
	292	391
	293	391
	294	391
	295	392
	296	392
	296	393
	297	393
	298	393
	299	394
	300	394
.PEN_UP
.PEN_DOWN
	279	406
	280	406
	281	407
	282	407
	283	407
	284	408
	286	408
	287	408
.PEN_UP
.SEGMENT LETTER  ? ? "y"
.PEN_DOWN
	305	412
	306	413
	307	413
	308	413
	309	413
	310	413
	310	412
	310	411
	310	410
	309	410
	309	408
	309	407
	309	406
	309	405
	308	404
	308	403
	308	402
	307	400
	307	399
	307	398
	307	397
	307	396
	307	395
	307	394
	307	393
	307	392
	308	392
	309	392
	310	392
	311	392
	312	393
	313	393
	314	394
	315	395
	315	396
	316	396
	317	398
	317	399
	317	400
	318	401
	318	402
	318	404
	318	405
	318	406
	318	407
	318	408
	318	409
	318	408
	318	407
	318	406
	318	405
	318	404
	318	402
	319	401
	319	400
	319	398
	320	397
	320	395
	320	393
	320	392
	321	390
	321	388
	321	386
	321	382
	320	380
	320	378
	320	376
	320	374
	320	372
	320	371
	320	369
	320	368
	320	367
	319	366
	319	365
	318	364
	317	363
	316	363
	315	363
	314	363
	314	364
	313	364
	312	365
	311	366
	310	367
	310	368
	310	369
	309	370
.PEN_UP
.SEGMENT LETTER  ? ? "p"
.PEN_DOWN
	333	408
	333	407
	333	405
	334	404
	334	403
	334	402
	334	401
	334	399
	334	398
	333	396
	333	394
	333	392
	333	388
	333	386
	333	383
	333	380
	333	378
	333	374
	332	371
	332	368
	332	366
	332	363
	333	361
	333	359
	333	357
	333	356
.PEN_UP
.PEN_DOWN
	333	402
	333	403
	333	404
	333	405
	333	406
	333	407
	334	407
	335	408
	337	408
	338	408
	339	408
	340	408
	341	408
	342	408
	343	408
	344	407
	345	407
	346	406
	346	405
	346	404
	346	402
	346	401
	346	400
	346	399
	345	398
	344	398
	344	397
	343	396
	342	395
	341	394
	339	393
	338	392
	337	392
	336	391
	335	390
.PEN_UP
.SEGMENT LETTER  ? ? "e"
.PEN_DOWN
	355	397
	356	398
	357	398
	358	399
	358	400
	359	400
	359	401
	360	402
	361	403
	361	404
	361	405
	360	405
	360	406
	359	406
	358	406
	357	405
	356	405
	356	404
	355	404
	355	403
	354	402
	353	401
	352	400
	352	399
	352	398
	352	397
	352	396
	352	394
	352	393
	353	392
	354	391
	354	389
	355	389
	356	387
	357	386
	358	385
	361	384
.PEN_UP
.SEGMENT LETTER  ? ? "j"
.PEN_DOWN
	412	394
	413	395
	414	396
	414	397
	415	398
	416	399
	416	400
	417	401
	418	402
	418	403
	419	403
	419	402
	419	401
	419	399
	419	398
	419	397
	419	396
	419	394
	418	392
	418	390
	418	389
	418	387
	419	385
	419	383
	419	379
	419	377
	419	375
	419	373
	419	371
	419	369
	419	367
	419	366
	418	364
	418	363
	418	362
	418	360
	418	359
	417	358
	417	357
	416	357
	415	357
	415	358
	414	358
	413	359
	412	360
	411	360
	411	361
	410	362
	408	364
	407	366
	407	367
	406	369
	406	371
	406	372
	406	374
.PEN_UP
.PEN_DOWN
	424	421
	424	422
	425	422
.PEN_UP
.SEGMENT LETTER  ? ? "o"
.PEN_DOWN
	435	401
	434	401
	433	400
	431	399
	431	398
	430	398
	430	395
	430	394
	430	393
	430	392
	430	391
	430	390
	431	389
	432	388
	433	387
	434	386
	435	385
	436	384
	439	384
	440	384
	441	384
	442	385
	443	385
	444	386
	444	387
	445	388
	445	390
	445	391
	445	393
	444	394
	443	398
	442	399
	442	401
	441	402
	440	403
.PEN_UP
.SEGMENT LETTER  ? ? "b"
.PEN_DOWN
	457	420
	457	419
	457	418
	457	417
	457	416
	457	415
	457	414
	457	413
	457	411
	457	410
	457	408
	457	407
	457	405
	457	403
	457	401
	457	397
	457	395
	457	393
	457	392
	457	390
	457	389
	457	388
	457	387
	457	386
	457	387
	457	388
	457	389
	457	390
	458	391
	458	392
	458	393
	458	395
	459	396
	459	397
	460	398
	461	400
	462	400
	462	401
	463	401
	464	402
	465	402
	466	402
	466	401
	467	401
	468	400
	469	399
	470	397
	471	396
	472	394
	472	393
	472	392
	472	391
	472	390
	472	389
	472	388
	472	387
	470	387
	468	387
	467	387
	465	387
	463	387
	462	387
	461	387
	459	387
	458	387
	457	387
.PEN_UP

.WRITER_ID MiOs
.SEGMENT SENTENCE  ? ? "Pay $1.23 @ 4:56 PM"
.SEGMENT LETTER  ? ? "P"
.PEN_DOWN
	118	392
	118	393
	118	394
	119	394
	120	394
	121	395
	122	395
	123	395
	124	395
	126	395
	127	395
	128	394
	129	394
	130	394
	131	393
	131	392
	131	391
	131	390
	130	389
	129	387
	128	386
	126	385
	125	384
	124	383
	123	382
	121	382
	120	381
	119	380
	118	380
	117	380
.PEN_UP
.PEN_DOWN
	120	393
	120	392
	121	391
	121	390
	121	389
	120	389
	120	388
	120	386
	120	385
	120	384
	120	383
	120	382
	120	381
	121	380
	121	379
	121	378
	121	377
	121	375
.PEN_UP
.SEGMENT LETTER  ? ? "a"
.PEN_DOWN
	136	381
	135	381
	134	381
	133	380
	132	379
	131	378
	131	377
	130	377
	130	375
	130	374
	130	373
	130	372
	131	371
	132	371
	133	371
	133	372
	135	373
	136	374
	136	375
	136	376
	137	376
	137	377
	137	378
	137	377
	137	376
	137	375
	138	374
	138	373
	139	373
	139	372
	140	372
	141	372
	141	371
	142	371
.PEN_UP
.SEGMENT LETTER  ? ? "y"
.PEN_DOWN
	144	378
	144	377
	145	377
	145	376
	146	376
	146	375
	147	374
	147	373
	148	373
	148	372
	149	372
	150	371
.PEN_UP
.PEN_DOWN
	155	377
	154	376
	154	375
	153	374
	153	373
	152	372
	152	370
	151	369
	151	367
	150	366
	149	362
	148	361
	148	359
	147	358
	147	357
	147	356
	147	355
	147	354
.PEN_UP
.SEGMENT LETTER  ? ? "$"
.PEN_DOWN
	197	390
	197	391
	196	391
	195	391
	194	391
	193	391
	192	391
	191	390
	190	390
	190	389
	191	388
	192	388
	192	387
	193	387
	193	386
	194	386
	195	385
	195	384
	195	383
	195	382
	194	382
	194	381
	193	381
	192	380
	190	380
	189	380
	189	381
	188	381
	188	382
.PEN_UP
.PEN_DOWN
	193	396
	193	395
	193	394
	193	393
	193	391
	193	390
	193	389
	192	388
	192	387
	192	386
	192	385
	192	384
	192	383
	192	382
	192	381
	193	380
	193	379
	193	378
	193	377
.PEN_UP
.SEGMENT LETTER  ? ? "1"
.PEN_DOWN
	209	388
	209	387
	208	387
	208	386
	208	385
	207	385
	207	384
	207	383
.PEN_UP
.PEN_DOWN
	208	388
	209	388
	209	387
	209	386
	209	385
	209	384
	209	382
	209	381
	209	380
	209	379
	209	378
	209	377
	209	376
	209	375
	209	374
	209	373
	209	372
	209	371
.PEN_UP
.SEGMENT LETTER  ? ? "."
.PEN_DOWN
	217	374
	216	374
	215	374
	216	374
	217	373
.PEN_UP
.SEGMENT LETTER  ? ? "2"
.PEN_DOWN
	225	382
	224	382
	224	383
	225	383
	226	383
	226	384
	227	384
	228	384
	229	384
	230	384
	231	384
	231	383
	231	382
	231	381
	231	380
	230	380
	230	379
	229	378
	229	377
	228	377
	227	376
	227	375
	226	374
	226	373
	226	372
	226	371
	227	371
	228	371
	229	371
	230	371
	231	371
	232	371
	233	371
	233	370
.PEN_UP
.SEGMENT LETTER  ? ? "3"
.PEN_DOWN
	239	383
	240	383
	240	384
	241	384
	242	384
	243	384
	244	384
	245	384
	245	383
	245	382
	245	381
	244	381
	244	380
	243	380
	242	379
	241	379
	241	378
	242	378
	243	378
	244	377
	245	377
	245	376
	246	376
	246	375
	246	374
	246	373
	246	372
	245	372
	245	371
	244	371
	243	370
	242	370
	241	370
	240	370
	239	370
	238	371
	239	371
.PEN_UP
.SEGMENT LETTER  ? ? "@"
.PEN_DOWN
	277	380
	278	380
	278	381
	277	381
	276	381
	275	381
	275	380
	274	380
	273	379
	272	378
	272	377
	272	376
	272	375
	273	375
	274	375
	275	375
	275	376
	276	376
	276	377
	277	377
	277	378
	276	378
	276	377
	277	377
	277	376
	278	376
	278	375
	279	376
	280	376
	280	377
	281	377
	281	378
	281	379
	282	379
	282	380
	282	381
	282	382
	281	383
	281	384
	280	384
	279	384
	279	385
	277	385
	276	385
	275	385
	274	384
	273	384
	272	383
	271	383
	271	382
	270	381
	269	380
	269	379
	269	378
	269	377
	269	376
	269	375
	270	374
	270	373
	271	373
	271	372
	272	371
	273	371
	274	370
	275	370
	276	370
	277	370
	278	370
	278	371
	279	371
	280	371
	281	372
	282	372
	283	373
.PEN_UP
.SEGMENT LETTER  ? ? "4"
.PEN_DOWN
	302	386
	302	387
	302	386
	301	385
	301	384
	301	383
	300	382
	301	381
	302	381
	303	381
	304	381
	305	381
	306	381
	306	380
	307	380
	308	379
.PEN_UP
.PEN_DOWN
	310	390
	310	389
	309	388
	309	387
	309	386
	309	384
	309	383
	308	382
	308	381
	308	380
	308	379
	308	378
	308	376
	308	375
	309	375
	309	374
	309	373
.PEN_UP
.SEGMENT LETTER  ? ? ":"
.PEN_DOWN
	320	383
	321	383
.PEN_UP
.PEN_DOWN
	320	376
	320	375
.PEN_UP
.SEGMENT LETTER  ? ? "5"
.PEN_DOWN
	333	386
	332	386
	332	385
	331	384
	331	383
	331	382
	331	381
	332	380
	333	380
	334	380
	335	379
	336	379
	337	378
	337	377
	337	376
	337	375
	337	374
	336	374
	335	374
	335	373
	334	373
	333	373
	332	373
	332	374
	331	374
.PEN_UP
.PEN_DOWN
	332	386
	333	387
	334	387
	335	388
	336	388
	337	388
	338	388
	339	388
	340	388
.PEN_UP
.SEGMENT LETTER  ? ? "6"
.PEN_DOWN
	347	386
	346	386
	346	385
	345	384
	345	383
	345	382
	345	381
	344	380
	344	379
	344	378
	344	377
	344	375
	344	374
	345	374
	345	373
	346	373
	347	373
	348	373
	349	373
	350	374
	351	374
	352	375
	352	376
	352	377
	351	377
	350	377
	348	377
	347	377
	347	376
	346	376
	346	375
	346	374
	347	373
.PEN_UP
.SEGMENT LETTER  ? ? "P"
.PEN_DOWN
	368	385
	368	386
	369	386
	371	387
	372	387
	373	387
	374	387
	375	387
	375	386
	376	386
	377	386
	377	385
	377	384
	377	383
	376	382
	375	381
	374	381
	373	380
	372	379
	371	379
	370	379
	369	379
.PEN_UP
.PEN_DOWN
	369	385
	369	384
	369	383
	369	382
	369	381
	369	380
	369	379
	369	378
	369	377
	369	376
	369	375
	369	374
	369	373
	369	372
	369	371
	370	371
.PEN_UP
.SEGMENT LETTER  ? ? "M"
.PEN_DOWN
	383	383
	383	382
	383	381
	382	380
	382	379
	382	378
	382	377
	382	376
	382	375
	382	373
	382	372
	382	371
	382	370
	382	371
	382	372
	382	373
	382	374
	383	374
	383	375
	383	376
	383	377
	383	378
	383	379
	383	380
	383	381
	383	382
	383	383
	383	384
	383	383
	383	382
	383	381
	383	380
	384	380
	384	379
	384	378
	385	377
	385	376
	386	375
	386	374
	387	374
	388	374
	389	375
	389	376
	390	376
	390	377
	390	378
	391	378
	391	379
	392	380
	392	381
	393	381
	393	382
	394	382
	394	381
	393	381
	393	380
	393	379
	393	378
	393	377
	393	376
	393	375
	393	374
	393	373
	393	372
	393	371
	393	370
	394	369
.PEN_UP

.WRITER_ID KiGo
.SEGMENT SENTENCE  ? ? "pressed the enchanted lever. The"
.SEGMENT LETTER  ? ? "p"
.PEN_DOWN
	156	378
	156	379
	155	379
	155	380
	154	380
	154	379
	154	378
	154	377
	154	375
	154	374
	154	373
	154	372
	154	370
	154	368
	154	367
	154	365
	154	364
	154	362
	154	361
	154	359
	154	357
	154	355
	154	354
	153	353
	153	352
	153	351
	152	352
	152	353
	152	354
	152	355
	151	356
	151	357
	151	359
	151	360
	151	361
	151	363
	152	366
	152	368
	152	369
	153	370
	154	372
	155	372
	155	373
	156	374
	157	375
	157	376
	158	376
	159	377
	160	377
	160	376
	160	375
	160	374
	159	373
	159	372
	158	371
	157	370
	156	368
	155	367
	154	367
	154	366
	153	366
	152	366
	152	367
	152	368
	153	368
.PEN_UP
.SEGMENT LETTER  ? ? "r"
.PEN_DOWN
	167	374
	166	374
	166	373
	166	372
	165	372
	165	371
	165	370
	165	369
	164	368
	164	369
	164	370
	164	371
	164	372
	164	373
	165	374
	165	375
	165	377
	166	377
	166	379
	167	379
	167	380
	167	381
	168	381
	169	381
	169	380
	170	379
.PEN_UP
.SEGMENT LETTER  ? ? "e"
.PEN_DOWN
	174	376
	174	375
	175	375
	174	376
	174	377
	175	377
	176	377
	177	377
	178	377
	179	378
	180	378
	180	379
	179	380
	178	380
	177	380
	176	380
	175	379
	174	378
	173	377
	172	374
	172	373
	172	372
	172	371
	172	370
	173	369
	174	369
	175	368
	176	368
	177	368
	179	368
	180	369
	181	369
	182	369
	183	370
	184	370
	185	371
.PEN_UP
.SEGMENT LETTER  ? ? "s"
.PEN_DOWN
	190	380
	189	381
	188	381
	187	381
	186	381
	186	380
	185	379
	184	378
	184	377
	184	376
	184	375
	185	374
	185	373
	186	373
	187	373
	188	372
	189	372
	191	372
	192	372
	191	372
	190	372
	190	371
	189	371
	188	371
	186	370
	185	370
	185	369
	184	369
.PEN_UP
.SEGMENT LETTER  ? ? "s"
.PEN_DOWN
	196	382
	195	383
	194	383
	193	383
	193	382
	192	381
	191	380
	191	378
	191	377
	192	376
	192	375
	193	374
	194	373
	195	372
	196	372
	196	371
	195	371
	194	371
	193	371
	192	371
	191	371
	191	372
.PEN_UP
.SEGMENT LETTER  ? ? "e"
.PEN_DOWN
	201	378
	201	377
	202	378
	203	378
	204	378
	205	378
	206	379
	207	379
	207	380
	207	381
	206	381
	206	382
	205	382
	204	382
	203	382
	201	381
	200	380
	200	379
	199	379
	199	378
	199	377
	199	376
	199	375
	199	374
	200	373
	201	372
	202	372
	203	372
	205	371
	207	371
	208	371
.PEN_UP
.SEGMENT LETTER  ? ? "d"
.PEN_DOWN
	224	380
	223	380
	222	380
	221	381
	219	381
	218	381
	217	381
	216	381
	215	380
	214	379
	214	378
	214	377
	214	376
	214	375
	215	374
	215	373
	216	373
	217	373
	218	373
	219	373
	220	374
	220	375
	221	376
	221	377
	222	378
	222	380
	222	381
	223	382
	223	386
	223	388
	223	390
	223	392
	223	394
	223	396
	223	397
	223	398
	222	395
	222	394
	222	392
	222	390
	222	388
	222	386
	223	384
	223	382
	223	380
	224	379
	224	378
	225	376
	226	375
	227	374
	228	374
	229	374
.PEN_UP
.SEGMENT LETTER  ? ? "t"
.PEN_DOWN
	278	394
	278	395
	277	395
	277	394
	276	394
	276	392
	276	390
	276	389
	276	387
	276	386
	276	384
	276	382
	276	381
	276	379
	276	378
	276	377
	276	376
	276	374
	276	373
	276	372
	277	372
	277	371
.PEN_UP
.PEN_DOWN
	270	381
	270	380
	270	381
	270	382
	271	383
	272	383
	273	384
	274	384
	275	384
	277	384
	278	384
	280	384
	281	384
.PEN_UP
.SEGMENT LETTER  ? ? "h"
.PEN_DOWN
	285	402
	285	401
	285	400
	285	399
	284	398
	284	397
	284	395
	284	393
	283	391
	283	389
	283	386
	282	384
	282	381
	282	379
	282	377
	281	376
	281	375
	281	374
	281	373
	282	373
	283	374
	283	375
	284	376
	284	377
	285	379
	285	380
	286	381
	286	382
	287	382
	287	381
	287	380
	287	379
	287	378
	287	377
	287	376
	287	375
	287	374
	288	373
	288	372
	289	371
	290	371
	291	371
	292	371
.PEN_UP
.SEGMENT LETTER  ? ? "e"
.PEN_DOWN
	296	376
	296	377
	297	377
	298	377
	299	378
	300	378
	301	379
	301	380
	301	381
	300	381
	299	381
	298	381
	297	381
	296	381
	295	381
	294	379
	294	378
	294	377
	294	376
	294	375
	294	374
	295	373
	296	372
	297	372
	298	371
	299	371
	301	370
	302	370
	303	370
	304	370
	305	370
	306	370
.PEN_UP
.SEGMENT LETTER  ? ? "e"
.PEN_DOWN
	344	380
	343	380
	343	381
	342	381
	343	381
	344	381
	345	381
	346	381
	347	381
	348	381
	349	381
	349	382
	350	382
	351	382
	351	383
	350	384
	349	384
	349	385
	348	385
	347	385
	346	385
	345	385
	343	383
	342	383
	342	382
	341	382
	341	381
	340	380
	340	379
	340	378
	340	377
	340	376
	340	375
	341	374
	341	373
	342	373
	343	372
	344	372
	346	371
	347	371
	348	371
	349	371
.PEN_UP
.SEGMENT LETTER  ? ? "n"
.PEN_DOWN
	357	381
	356	381
	355	380
	354	379
	354	378
	354	377
	354	376
	354	375
	354	374
	354	375
	354	376
	355	376
	356	378
	357	381
	358	382
	358	383
	359	384
	360	385
	360	386
	361	386
	361	387
	362	387
	363	386
	363	385
	363	384
	363	383
	363	382
	363	381
	363	379
	363	378
	363	377
	363	375
	363	374
	363	373
	363	372
	364	372
	364	371
	365	371
	366	371
.PEN_UP
.SEGMENT LETTER  ? ? "c"
.PEN_DOWN
	370	382
	369	382
	369	383
	368	384
	367	384
	366	384
	365	384
	365	383
	365	382
	364	382
	364	381
	364	380
	364	379
	364	378
	364	377
	365	377
	365	376
	366	375
	367	375
	368	374
	369	374
	370	374
	371	374
	371	375
	374	375
	375	376
	376	376
	376	377
.PEN_UP
.SEGMENT LETTER  ? ? "h"
.PEN_DOWN
	379	397
	379	399
	379	400
	379	401
	378	402
	378	403
	377	404
	377	405
	376	406
	376	407
	375	407
	376	407
	376	405
	376	404
	376	402
	376	400
	376	397
	376	392
	376	389
	376	387
	375	385
	375	383
	375	381
	375	379
	374	378
	374	377
	374	376
	375	376
	375	377
	375	378
	376	379
	377	380
	377	381
	378	382
	378	384
	379	385
	379	386
	380	388
	381	388
	381	387
	381	386
	381	384
	381	383
	381	382
	381	381
	381	379
	382	378
	382	377
	383	377
	383	376
	384	376
	385	376
.PEN_UP
.SEGMENT LETTER  ? ? "a"
.PEN_DOWN
	395	385
	395	384
	394	384
	393	384
	393	385
	392	386
	391	386
	390	386
	389	386
	389	385
	388	384
	388	383
	388	382
	387	381
	387	380
	387	379
	387	378
	387	377
	388	377
	388	376
	389	376
	390	376
	391	377
	392	378
	393	379
	393	380
	395	381
	395	382
	396	382
	396	383
	396	384
	396	385
	395	385
	395	384
	394	383
	394	382
	394	381
	395	380
	395	379
	396	378
	397	377
.PEN_UP
.SEGMENT LETTER  ? ? "n"
.PEN_DOWN
	402	385
	402	384
	402	383
	401	383
	400	383
	400	382
	400	381
	400	380
	400	379
	401	380
	401	381
	402	382
	403	383
	403	384
	403	385
	404	386
	405	387
	406	387
	406	386
	406	385
	406	384
	406	383
	406	382
	406	381
	406	380
	406	379
	407	379
	407	378
	407	377
	408	377
	409	377
	410	377
.PEN_UP
.SEGMENT LETTER  ? ? "t"
.PEN_DOWN
	416	399
	417	401
	417	402
	417	403
	417	404
	417	406
	416	406
	415	406
	415	405
	415	404
	414	402
	414	400
	414	398
	413	395
	413	393
	413	388
	413	386
	413	384
	413	383
	413	382
	413	381
	413	380
	414	379
	414	378
	415	378
	415	377
.PEN_UP
.PEN_DOWN
	414	389
	413	388
	412	388
	411	388
	410	388
	411	388
	412	388
	414	388
	416	388
	417	388
.PEN_UP
.SEGMENT LETTER  ? ? "e"
.PEN_DOWN
	421	383
	420	383
	420	384
	421	384
	422	384
	422	385
	423	385
	425	385
	426	385
	427	385
	427	386
	426	386
	425	387
	423	387
	422	387
	421	387
	420	386
	419	385
	419	384
	418	384
	418	383
	418	382
	418	381
	418	380
	418	379
	419	378
	419	377
	420	377
	421	377
	422	376
	423	376
.PEN_UP
.SEGMENT LETTER  ? ? "d"
.PEN_DOWN
	433	383
	433	384
	432	385
	431	385
	431	386
	430	386
	429	386
	428	385
	428	384
	427	383
	427	382
	427	381
	427	380
	427	379
	427	378
	428	378
	428	377
	429	377
	429	378
	430	378
	430	380
	431	380
	431	381
	432	382
	432	384
	433	386
	434	387
	434	389
	435	392
	435	394
	436	397
	437	399
	438	402
	438	404
	437	404
	437	403
	436	401
	436	399
	435	396
	435	394
	434	388
	434	386
	434	384
	434	382
	434	381
	434	379
	434	378
	434	377
	435	377
	436	376
	437	375
.PEN_UP
.SEGMENT LETTER  ? ? "l"
.PEN_DOWN
	460	395
	460	396
	459	396
	459	397
	458	397
	458	396
	458	395
	458	393
	458	391
	457	390
	457	388
	457	386
	457	384
	457	382
	457	381
	457	380
	456	378
	456	377
	455	375
	455	374
	455	373
	456	372
.PEN_UP
.SEGMENT LETTER  ? ? "e"
.PEN_DOWN
	462	378
	462	379
	463	379
	464	379
	465	380
	466	380
	468	381
	469	381
	470	381
	471	381
	472	381
	473	381
	473	382
	472	382
	471	383
	470	383
	468	383
	467	382
	466	382
	465	382
	463	381
	462	380
	461	379
	461	378
	461	377
	461	376
	462	376
	462	375
	463	375
	464	374
	466	373
	467	373
	468	373
	469	373
	471	373
	472	373
	473	373
.PEN_UP
.SEGMENT LETTER  ? ? "v"
.PEN_DOWN
	476	380
	475	380
	474	380
	474	379
	474	377
	474	376
	474	375
	474	374
	475	374
	476	374
	477	374
	478	375
	479	375
	480	376
	481	377
	481	378
	482	379
	483	379
	483	380
	484	381
	484	382
	484	383
	485	383
.PEN_UP
.SEGMENT LETTER  ? ? "e"
.PEN_DOWN
	487	378
	487	379
	487	380
	487	381
	488	382
	489	383
	490	383
	489	383
	488	383
	487	383
	486	382
	485	382
	484	382
	483	381
	482	381
	482	380
	482	379
	483	378
	484	378
	484	377
	485	377
	487	377
	487	376
	489	376
	490	376
	491	376
	492	376
	493	376
.PEN_UP
.SEGMENT LETTER  ? ? "r"
.PEN_DOWN
	497	381
	497	380
	496	380
	495	379
	494	378
	495	378
	495	379
	496	380
	497	381
	497	382
	498	382
	498	383
	499	384
	500	385
	500	386
	501	386
	502	385
	502	384
.PEN_UP
.SEGMENT LETTER  ? ? "."
.PEN_DOWN
	510	374
	509	374
	508	374
	507	374
	506	374
	507	373
.PEN_UP
.SEGMENT LETTER  ? ? "T"
.PEN_DOWN
	545	390
	544	391
	544	392
	544	391
	544	390
	544	389
	544	388
	544	385
	544	383
	544	382
	544	381
	544	380
	544	379
	544	378
	544	377
	544	376
	544	375
	544	374
	544	373
	545	373
.PEN_UP
.PEN_DOWN
	534	389
	533	389
	533	390
	533	391
	534	392
	535	392
	536	392
	538	393
	539	393
	541	393
	542	393
	544	394
	546	394
	547	394
	549	394
	550	394
	551	394
	552	394
.PEN_UP
.SEGMENT LETTER  ? ? "h"
.PEN_DOWN
	552	401
	552	402
	551	402
	551	401
	551	400
	551	399
	551	397
	551	395
	551	393
	551	391
	550	389
	550	387
	550	386
	550	384
	550	381
	550	380
	550	379
	550	378
	551	378
	551	379
	552	380
	552	381
	553	382
	553	383
	554	384
	554	385
	555	386
	556	385
	556	384
	556	383
	556	382
	556	381
	556	380
	557	380
	557	379
	558	379
	558	378
	560	378
	561	378
	562	378
	563	378
	564	379
.PEN_UP
.SEGMENT LETTER  ? ? "e"
.PEN_DOWN
	562	381
	562	382
	563	383
	564	383
	565	383
	566	383
	567	384
	568	384
	569	384
	569	385
	570	385
	570	386
	569	386
	568	386
	566	386
	564	385
	563	384
	563	383
	562	382
	562	381
	562	380
	562	379
	562	378
	563	377
	564	377
	566	376
	567	376
	568	376
	569	376
	571	376
	572	376
	573	376
	574	376
	575	376
	576	376
.PEN_UP

.WRITER_ID KaHa
.SEGMENT SENTENCE  ? ? "pink, is there? If you"
.SEGMENT LETTER  ? ? "p"
.PEN_DOWN
	115	383
	115	384
	115	385
	115	386
	115	387
	115	388
	116	389
	116	390
	116	391
	117	392
	117	394
	118	396
	118	398
	118	400
	119	401
	119	402
	119	404
	120	405
	120	406
	121	406
	121	405
	121	404
	121	403
	121	402
	121	401
	121	400
	121	398
	120	398
	120	397
	120	396
	119	396
	118	396
.PEN_UP
.SEGMENT LETTER  ? ? "i"
.PEN_DOWN
	130	404
	130	403
	129	403
	129	402
	129	401
	128	400
	128	399
	128	398
	128	397
.PEN_UP
.PEN_DOWN
	129	413
	129	414
.PEN_UP
.SEGMENT LETTER  ? ? "n"
.PEN_DOWN
	136	404
	136	403
	135	403
	134	403
	134	402
	134	401
	134	400
	134	399
	134	398
	135	398
	135	397
	135	398
	135	399
	135	400
	136	401
	136	402
	136	403
	136	404
	137	404
	137	405
	138	406
	139	406
	140	406
	141	406
	141	405
	141	404
	141	403
	141	402
	141	401
	141	400
	141	399
	141	398
	141	397
	142	397
.PEN_UP
.SEGMENT LETTER  ? ? "k"
.PEN_DOWN
	149	415
	148	414
	148	413
	148	412
	147	412
	147	410
	147	409
	147	408
	147	407
	147	406
	147	405
	147	404
	147	402
	147	401
	148	401
	148	402
	149	403
	149	404
	150	405
	150	406
	151	406
	151	407
	152	407
	153	408
	153	409
	154	409
	153	408
	153	407
	152	406
	152	405
	151	405
	151	404
	150	403
	150	402
	149	402
	149	401
	150	401
	151	401
	152	401
	153	401
	154	402
	155	402
	156	402
	157	402
.PEN_UP
.SEGMENT LETTER  ? ? ","
.PEN_DOWN
	165	401
	166	401
	166	400
	166	399
	165	399
	165	398
	165	397
	164	397
	164	396
.PEN_UP
.SEGMENT LETTER  ? ? "i"
.PEN_DOWN
	181	409
	181	410
	181	409
	181	408
	181	407
	181	406
	181	405
	181	404
	181	403
	182	402
.PEN_UP
.PEN_DOWN
	182	416
	182	417
.PEN_UP
.SEGMENT LETTER  ? ? "s"
.PEN_DOWN
	190	411
	190	410
	189	410
	189	409
	188	409
	188	408
	188	407
	189	407
	190	407
	191	406
	192	406
	193	406
	194	406
	195	405
	196	405
	196	404
	196	403
	195	403
	195	402
	194	402
	193	402
	192	402
	191	402
	190	402
	189	402
.PEN_UP
.SEGMENT LETTER  ? ? "t"
.PEN_DOWN
	216	412
	215	412
	216	412
	216	413
	217	413
	218	413
	219	413
	220	413
	222	414
	223	414
	224	414
	225	415
	226	415
.PEN_UP
.PEN_DOWN
	222	418
	221	417
	221	415
	221	414
	221	412
	221	411
	221	409
	221	408
	221	407
	221	406
	221	405
	221	404
	221	403
	221	402
.PEN_UP
.SEGMENT LETTER  ? ? "h"
.PEN_DOWN
	229	419
	229	420
	228	420
	228	419
	227	419
	227	418
	227	417
	227	416
	226	415
	226	414
	226	413
	226	412
	226	411
	226	410
	226	409
	226	408
	226	407
	226	406
	227	405
	228	406
	229	407
	229	408
	230	409
	230	410
	231	410
	231	411
	232	411
	232	410
	233	410
	233	409
	233	408
	233	407
	233	406
	234	405
	234	404
	235	404
	235	405
	236	405
	237	405
.PEN_UP
.SEGMENT LETTER  ? ? "e"
.PEN_DOWN
	242	408
	242	407
	242	408
	243	408
	243	409
	244	409
	245	410
	246	410
	246	411
	246	412
	245	412
	244	412
	244	411
	243	411
	243	410
	242	410
	242	409
	241	408
	241	407
	241	406
	241	405
	242	405
	243	405
	244	405
	245	405
	246	405
.PEN_UP
.SEGMENT LETTER  ? ? "r"
.PEN_DOWN
	252	406
	252	405
	252	406
	252	407
	252	408
	253	408
	253	409
	253	410
	253	411
	254	411
	254	412
	255	412
	256	412
.PEN_UP
.SEGMENT LETTER  ? ? "e"
.PEN_DOWN
	261	406
	262	406
	263	407
	263	408
	264	408
	264	409
	265	409
	265	410
	265	411
	264	411
	263	411
	263	410
	262	409
	261	409
	261	408
	260	408
	260	407
	259	407
	259	406
	259	405
	260	404
	261	404
	261	403
	262	403
	263	403
	264	403
	265	403
	266	403
	267	403
	268	403
.PEN_UP
.SEGMENT LETTER  ? ? "?"
.PEN_DOWN
	273	420
	272	421
	272	422
	272	423
	273	423
	274	423
	275	423
	276	423
	277	422
	278	422
	278	421
	278	420
	278	419
	277	419
	277	418
	276	417
	276	416
	275	415
	275	414
.PEN_UP
.PEN_DOWN
	276	406
	276	405
	275	404
	276	404
.PEN_UP
.SEGMENT LETTER  ? ? "I"
.PEN_DOWN
	305	421
	305	422
	305	421
	305	419
	305	418
	305	416
	305	415
	305	414
	306	413
	306	412
	306	411
	306	410
	306	409
	306	408
.PEN_UP
.SEGMENT LETTER  ? ? "f"
.PEN_DOWN
	310	408
	310	409
	311	409
	312	409
	313	409
	314	409
	316	409
	316	410
	318	410
.PEN_UP
.PEN_DOWN
	315	414
	316	414
	316	415
	316	416
	317	417
	317	418
	317	419
	317	420
	317	421
	317	422
	317	423
	316	423
	315	423
	314	422
	313	421
	313	420
	312	418
	312	416
	312	415
	312	414
	312	413
	312	412
	312	411
	313	410
	313	408
	313	407
	314	405
	314	404
	314	403
	314	402
	314	401
	314	400
	314	399
	314	398
	314	397
.PEN_UP
.SEGMENT LETTER  ? ? "y"
.PEN_DOWN
	335	417
	336	417
	336	416
	337	416
	337	415
	337	414
	338	413
	338	412
	338	411
	338	410
	339	410
	339	409
.PEN_UP
.PEN_DOWN
	342	418
	342	417
	342	416
	342	415
	342	413
	342	412
	342	411
	341	410
	341	409
	341	408
	341	407
	341	406
	340	405
	340	404
	340	403
	340	402
	340	401
	340	400
.PEN_UP
.SEGMENT LETTER  ? ? "o"
.PEN_DOWN
	348	414
	348	415
	348	416
	348	417
	347	417
	346	416
	346	415
	345	415
	345	414
	345	413
	344	412
	344	411
	344	410
	345	409
	346	409
	347	409
	348	409
	349	410
	350	411
	351	411
	352	412
	352	413
	352	414
	352	415
	351	415
	351	416
	350	416
	350	415
.PEN_UP
.SEGMENT LETTER  ? ? "u"
.PEN_DOWN
	358	417
	357	417
	356	417
	356	416
	356	415
	356	414
	356	413
	356	412
	356	411
	357	411
	358	411
	359	411
	360	412
	361	412
	361	413
	361	414
	362	414
	362	415
	362	414
	362	413
	363	413
	364	412
	365	412
	365	411
	366	411
	367	411
	368	411
.PEN_UP
.COMMENT End of File

