.VERSION 1.0
.INCLUDE                att.doc

.DATE                   9 20 93

.WRITER_ID              08171408_14804
.STYLE                  MIXED

.START_BOX
.SEGMENT PAGE           0-58
.SEGMENT TEXT_CHUNK     0-29 ? "that nothing more happened ,"
.SEGMENT WORD           0-6 ? "that"
.PEN_DOWN
707 2417 
707 2424 
706 2429 
706 2431 
706 2433 
706 2434 
706 2434 
706 2434 
705 2434 
704 2434 
699 2430 
693 2426 
688 2421 
684 2416 
677 2412 
671 2407 
665 2400 
658 2393 
650 2383 
643 2375 
633 2368 
628 2359 
613 2344 
608 2338 
601 2333 
599 2329 
597 2325 
591 2321 
590 2319 
590 2319 
590 2319 
590 2319 
.PEN_UP 
.DT 151
.PEN_DOWN
588 2377 
586 2377 
586 2377 
584 2377 
583 2377 
583 2377 
583 2379 
588 2379 
592 2379 
598 2381 
608 2382 
617 2385 
629 2389 
638 2391 
650 2391 
669 2393 
674 2393 
680 2393 
688 2393 
693 2393 
695 2393 
.PEN_UP 
.DT 231
.PEN_DOWN
772 2456 
771 2456 
771 2456 
771 2453 
769 2445 
769 2440 
764 2434 
762 2427 
755 2419 
753 2414 
746 2407 
738 2400 
733 2391 
726 2380 
720 2371 
716 2364 
707 2355 
703 2352 
699 2350 
696 2348 
696 2348 
694 2348 
694 2348 
694 2348 
694 2348 
694 2349 
694 2351 
697 2353 
703 2362 
704 2365 
708 2370 
714 2376 
718 2379 
723 2380 
727 2383 
732 2386 
738 2386 
741 2386 
744 2386 
750 2386 
753 2384 
753 2380 
754 2378 
754 2375 
754 2371 
754 2367 
753 2362 
752 2357 
750 2353 
749 2351 
748 2348 
745 2345 
745 2343 
745 2343 
745 2343 
.PEN_UP 
.DT 231
.PEN_DOWN
827 2384 
826 2384 
826 2384 
825 2384 
822 2382 
821 2378 
818 2376 
817 2371 
812 2368 
807 2365 
802 2356 
799 2352 
797 2349 
788 2345 
787 2342 
784 2340 
783 2338 
783 2338 
783 2338 
783 2338 
783 2339 
784 2341 
785 2345 
787 2350 
788 2356 
797 2363 
801 2368 
808 2380 
816 2385 
823 2393 
829 2398 
835 2400 
842 2403 
845 2408 
853 2409 
857 2409 
859 2409 
863 2409 
866 2409 
868 2408 
869 2408 
869 2405 
869 2400 
869 2397 
866 2392 
864 2387 
862 2380 
856 2375 
851 2369 
849 2362 
844 2358 
835 2351 
833 2348 
830 2346 
827 2344 
827 2341 
827 2340 
827 2340 
.PEN_UP 
.DT 201
.PEN_DOWN
818 2362 
819 2362 
820 2362 
826 2363 
828 2364 
836 2366 
842 2366 
847 2367 
857 2368 
861 2368 
864 2368 
867 2367 
867 2367 
870 2367 
871 2361 
.PEN_UP 
.DT 231
.PEN_DOWN
929 2411 
929 2411 
927 2411 
927 2410 
927 2410 
927 2409 
927 2407 
927 2405 
925 2402 
924 2397 
921 2393 
920 2387 
917 2383 
915 2377 
913 2365 
908 2361 
908 2355 
906 2350 
904 2347 
902 2345 
902 2344 
902 2341 
902 2340 
.PEN_UP 
.DT 151
.PEN_DOWN
882 2370 
882 2370 
882 2370 
882 2370 
885 2371 
887 2375 
893 2377 
900 2378 
911 2379 
920 2382 
931 2382 
945 2383 
957 2384 
971 2384 
983 2384 
995 2384 
.PEN_UP
.SEGMENT WORD           7-15 ? "nothing"
.PEN_DOWN
1778 2366 
1778 2366 
1776 2367 
1773 2369 
1773 2372 
1772 2373 
1770 2374 
1770 2374 
1770 2375 
1770 2375 
1770 2375 
1767 2372 
1767 2371 
1767 2368 
1766 2364 
1766 2360 
1762 2356 
1761 2353 
1756 2351 
1755 2347 
1752 2344 
1750 2342 
1745 2337 
1745 2337 
1745 2337 
1745 2337 
1745 2338 
1745 2341 
1745 2343 
1747 2348 
1750 2352 
1753 2356 
1759 2366 
1764 2370 
1767 2373 
1772 2377 
1774 2380 
1777 2383 
1782 2383 
1783 2384 
1786 2385 
1789 2385 
1791 2385 
1792 2385 
1792 2380 
1793 2378 
1793 2374 
1793 2371 
1793 2368 
1793 2363 
1795 2358 
1795 2355 
1795 2352 
1795 2349 
1796 2348 
1799 2348 
1800 2348 
1800 2348 
1805 2349 
1808 2352 
1811 2355 
1812 2359 
1815 2363 
1815 2366 
1821 2371 
1823 2376 
1824 2380 
1829 2387 
1831 2390 
1831 2394 
1831 2398 
1831 2401 
1831 2403 
1831 2404 
1831 2405 
1831 2406 
1831 2406 
1831 2406 
1831 2406 
.PEN_UP 
.DT 161
.PEN_DOWN
1865 2383 
1863 2383 
1861 2383 
1861 2383 
1859 2383 
1858 2383 
1857 2383 
1857 2382 
1854 2377 
1853 2373 
1853 2371 
1849 2369 
1849 2363 
1849 2358 
1849 2356 
1851 2356 
1852 2355 
1854 2355 
1859 2355 
1862 2355 
1865 2356 
1870 2359 
1873 2360 
1876 2366 
1883 2371 
1885 2375 
1885 2379 
1889 2383 
1889 2386 
1889 2388 
1889 2391 
1889 2396 
1888 2398 
1888 2398 
1885 2398 
1876 2400 
1874 2400 
1868 2400 
1865 2398 
1860 2396 
1859 2393 
1855 2391 
1854 2391 
1854 2388 
1854 2385 
.PEN_UP 
.DT 181
.PEN_DOWN
1960 2410 
1958 2407 
1958 2407 
1954 2407 
1953 2406 
1949 2403 
1948 2402 
1947 2400 
1947 2394 
1947 2390 
1936 2381 
1930 2373 
1928 2369 
1928 2364 
1926 2360 
1926 2354 
1922 2352 
1922 2350 
1922 2349 
1922 2349 
1922 2349 
1923 2349 
1923 2359 
1923 2364 
.PEN_UP 
.DT 141
.PEN_DOWN
1918 2393 
1918 2393 
1918 2393 
1922 2394 
1927 2395 
1931 2396 
1939 2398 
1947 2400 
1955 2400 
1963 2400 
1966 2400 
1976 2401 
1987 2401 
1989 2401 
.PEN_UP 
.DT 191
.PEN_DOWN
2025 2442 
2025 2442 
2025 2442 
2025 2440 
2025 2438 
2023 2434 
2023 2432 
2022 2428 
2019 2422 
2018 2420 
2015 2417 
2015 2410 
2013 2403 
2006 2396 
2002 2389 
1998 2381 
1991 2371 
1989 2369 
1986 2366 
1983 2363 
1982 2361 
1980 2361 
1979 2361 
1979 2361 
1979 2361 
1979 2362 
1979 2364 
1980 2367 
1990 2373 
1993 2377 
1998 2380 
2002 2385 
2007 2389 
2012 2392 
2016 2393 
2019 2394 
2023 2396 
2026 2396 
2027 2396 
2035 2394 
2037 2391 
2037 2389 
2037 2388 
2037 2385 
2037 2382 
2037 2380 
2037 2376 
2037 2372 
2037 2369 
2037 2364 
2037 2360 
2034 2356 
2034 2354 
2034 2354 
2034 2354 
2034 2354 
2034 2359 
2034 2359 
2034 2359 
.PEN_UP 
.DT 126
.PEN_DOWN
2080 2403 
2080 2402 
2079 2402 
2079 2400 
2078 2399 
2077 2399 
2077 2397 
2075 2392 
2074 2387 
2074 2385 
2072 2382 
2072 2378 
2068 2378 
2068 2378 
2068 2378 
.PEN_UP 
.DT 146
.PEN_DOWN
2091 2432 
2091 2435 
2091 2436 
2091 2437 
2091 2438 
2092 2438 
2092 2438 
2093 2439 
2097 2439 
2099 2439 
.PEN_UP 
.DT 151
.PEN_DOWN
2132 2389 
2130 2389 
2130 2388 
2129 2386 
2129 2385 
2128 2384 
2128 2381 
2123 2379 
2123 2376 
2118 2374 
2115 2370 
2115 2367 
2114 2365 
2114 2363 
2114 2358 
2114 2356 
2106 2355 
2106 2354 
2106 2353 
2104 2353 
2104 2353 
2104 2353 
2104 2354 
2104 2356 
2108 2359 
2110 2364 
2117 2369 
2124 2372 
2128 2377 
2132 2381 
2137 2385 
2140 2387 
2143 2387 
2144 2387 
2144 2388 
2144 2388 
2144 2388 
2147 2387 
2147 2387 
2147 2385 
2147 2383 
2147 2382 
2147 2381 
2147 2379 
2148 2375 
2148 2372 
2151 2368 
2153 2365 
2155 2364 
2158 2363 
2160 2363 
2163 2363 
2164 2363 
2167 2364 
2168 2366 
2172 2370 
2176 2371 
2176 2374 
2178 2377 
2180 2380 
2181 2386 
2183 2390 
2184 2392 
2185 2395 
2185 2399 
2188 2402 
2188 2409 
.PEN_UP 
.DT 151
.PEN_DOWN
2242 2379 
2242 2379 
2242 2379 
2242 2379 
2242 2379 
2238 2379 
2237 2379 
2237 2379 
2237 2378 
2234 2377 
2233 2376 
2230 2375 
2226 2374 
2223 2371 
2219 2366 
2216 2362 
2212 2359 
2209 2355 
2204 2349 
2203 2346 
2200 2341 
2200 2338 
2200 2336 
2200 2336 
2201 2336 
2201 2336 
2201 2336 
2207 2337 
2211 2338 
2215 2341 
2220 2344 
2226 2349 
2231 2352 
2235 2356 
2239 2361 
2241 2364 
2245 2367 
2248 2368 
2248 2369 
2248 2372 
2248 2372 
2248 2372 
2248 2372 
2248 2371 
2248 2369 
2247 2367 
2245 2365 
2244 2360 
2243 2356 
2241 2350 
2238 2345 
2237 2339 
2235 2334 
2230 2327 
2228 2314 
2223 2308 
2219 2303 
2215 2297 
2211 2292 
2207 2289 
2201 2286 
2197 2280 
2194 2277 
2185 2277 
2181 2275 
2171 2275 
2170 2275 
2159 2275 
2159 2275 
2159 2277 
2159 2278 
2159 2282 
2159 2285 
.PEN_UP
.SEGMENT WORD           16-19 ? "more"
.PEN_DOWN
3048 2355 
3046 2357 
3045 2358 
3045 2358 
3045 2358 
3045 2356 
3045 2356 
3045 2355 
3045 2354 
3045 2351 
3045 2348 
3044 2346 
3044 2343 
3044 2341 
3039 2338 
3037 2335 
3035 2332 
3034 2330 
3032 2328 
3032 2328 
3031 2328 
3031 2327 
3029 2327 
3029 2327 
3029 2327 
3029 2327 
3029 2328 
3029 2329 
3029 2331 
3035 2335 
3035 2337 
3039 2341 
3041 2345 
3043 2348 
3047 2350 
3052 2352 
3053 2355 
3057 2357 
3062 2358 
3065 2359 
3072 2359 
3074 2359 
3076 2359 
3078 2359 
3079 2358 
3083 2357 
3084 2355 
3084 2353 
3084 2350 
3084 2348 
3084 2346 
3084 2340 
3083 2336 
3080 2335 
3078 2332 
3077 2330 
3076 2330 
3076 2330 
3072 2329 
3070 2329 
3069 2329 
3069 2329 
3067 2329 
3067 2332 
3067 2333 
3070 2335 
3071 2338 
3075 2342 
3080 2346 
3085 2350 
3089 2353 
3095 2355 
3101 2359 
3107 2362 
3111 2366 
3121 2366 
3124 2366 
3128 2366 
3130 2366 
3132 2366 
3133 2365 
3134 2364 
3136 2361 
3136 2359 
3136 2357 
3136 2356 
3134 2353 
3133 2347 
3132 2345 
3130 2341 
3128 2338 
3126 2336 
3126 2334 
3124 2332 
3124 2331 
3123 2331 
3123 2331 
3123 2331 
.PEN_UP 
.DT 156
.PEN_DOWN
3172 2364 
3172 2364 
3172 2364 
3172 2364 
3171 2363 
3169 2361 
3167 2360 
3166 2359 
3164 2357 
3162 2355 
3159 2353 
3158 2349 
3157 2346 
3157 2340 
3157 2338 
3157 2336 
3158 2335 
3160 2335 
3163 2335 
3167 2335 
3170 2335 
3175 2335 
3178 2335 
3182 2335 
3185 2341 
3191 2343 
3195 2346 
3199 2350 
3201 2352 
3201 2355 
3201 2358 
3201 2361 
3201 2363 
3196 2364 
3190 2364 
3184 2364 
3177 2361 
3175 2360 
3173 2359 
3170 2358 
.PEN_UP 
.DT 196
.PEN_DOWN
3245 2352 
3247 2352 
3247 2352 
3247 2352 
3247 2351 
3247 2351 
3245 2348 
3244 2346 
3243 2343 
3242 2341 
3242 2337 
3236 2331 
3233 2327 
3231 2325 
3230 2322 
3226 2321 
3226 2319 
3222 2319 
3222 2318 
3222 2318 
3220 2318 
3220 2318 
3220 2319 
3222 2324 
3222 2327 
3225 2330 
3229 2333 
3234 2337 
3242 2341 
3247 2346 
3251 2349 
3258 2352 
3262 2354 
3268 2356 
3269 2359 
3272 2359 
3274 2360 
3275 2360 
3276 2360 
3278 2360 
3278 2360 
.PEN_UP 
.DT 161
.PEN_DOWN
3301 2342 
3304 2342 
3306 2342 
3306 2342 
3308 2344 
3311 2345 
3316 2346 
3317 2347 
3323 2349 
3324 2351 
3330 2353 
3332 2356 
3337 2358 
3340 2360 
3340 2362 
3343 2364 
3344 2366 
3345 2370 
3347 2373 
3347 2376 
3347 2378 
3347 2378 
3347 2379 
3347 2379 
3346 2379 
3343 2379 
3343 2379 
3341 2377 
3335 2377 
3331 2374 
3329 2371 
3324 2368 
3323 2366 
3323 2362 
3322 2358 
3320 2355 
3320 2352 
3320 2349 
3320 2345 
3320 2342 
3321 2339 
3334 2335 
3339 2333 
3346 2333 
3354 2332 
3361 2332 
3367 2332 
3375 2332 
3382 2332 
3389 2343 
.PEN_UP
.SEGMENT WORD           20-28 ? "happened"
.PEN_DOWN
417 2019 
417 2019 
417 2021 
417 2023 
417 2024 
417 2025 
417 2025 
417 2025 
417 2025 
417 2025 
417 2025 
417 2025 
417 2025 
413 2021 
413 2017 
411 2012 
408 2004 
406 1997 
402 1992 
401 1984 
394 1975 
389 1967 
389 1958 
385 1949 
380 1940 
376 1936 
375 1932 
375 1929 
375 1927 
375 1927 
375 1927 
375 1927 
378 1927 
379 1928 
380 1932 
384 1936 
391 1946 
397 1952 
400 1955 
406 1960 
409 1964 
415 1966 
421 1969 
425 1971 
429 1971 
432 1971 
434 1971 
436 1971 
439 1971 
439 1971 
440 1968 
440 1966 
440 1964 
440 1957 
439 1954 
435 1950 
434 1943 
430 1940 
428 1935 
423 1934 
423 1932 
422 1927 
422 1925 
419 1924 
418 1924 
418 1924 
418 1924 
418 1924 
418 1924 
418 1924 
419 1934 
.PEN_UP 
.DT 176
.PEN_DOWN
488 1966 
488 1966 
485 1965 
484 1965 
484 1965 
484 1965 
484 1965 
484 1965 
482 1965 
482 1965 
482 1965 
481 1965 
481 1965 
481 1964 
477 1961 
475 1959 
473 1957 
470 1955 
469 1952 
465 1949 
458 1942 
457 1939 
455 1937 
454 1935 
453 1932 
453 1930 
453 1929 
453 1927 
453 1927 
453 1927 
453 1926 
457 1926 
462 1926 
463 1928 
468 1931 
472 1934 
477 1937 
480 1940 
482 1942 
486 1943 
486 1945 
490 1951 
492 1956 
492 1960 
493 1960 
493 1962 
493 1963 
493 1964 
493 1964 
493 1964 
493 1964 
493 1964 
493 1964 
493 1964 
493 1963 
493 1960 
491 1957 
490 1954 
489 1950 
488 1947 
487 1944 
486 1940 
485 1936 
485 1934 
483 1931 
483 1927 
483 1925 
484 1921 
484 1921 
485 1920 
486 1919 
488 1919 
491 1919 
492 1919 
.PEN_UP 
.DT 171
.PEN_DOWN
541 1940 
541 1940 
540 1939 
540 1934 
540 1932 
537 1928 
537 1924 
535 1921 
533 1917 
533 1914 
531 1909 
528 1904 
527 1899 
522 1893 
520 1886 
515 1870 
512 1863 
508 1857 
505 1851 
504 1848 
502 1844 
499 1842 
499 1842 
499 1842 
499 1842 
499 1842 
499 1847 
501 1851 
501 1856 
505 1863 
508 1872 
510 1881 
514 1891 
519 1899 
523 1910 
527 1919 
531 1925 
537 1932 
541 1943 
542 1948 
546 1951 
548 1951 
548 1954 
549 1955 
552 1955 
552 1955 
552 1955 
555 1954 
557 1952 
557 1949 
557 1940 
557 1934 
557 1929 
556 1922 
553 1919 
552 1915 
552 1911 
552 1909 
549 1908 
545 1905 
543 1902 
541 1902 
536 1901 
532 1901 
532 1901 
528 1902 
528 1905 
.PEN_UP 
.DT 191
.PEN_DOWN
600 1932 
592 1932 
591 1932 
591 1931 
590 1931 
590 1931 
590 1929 
590 1928 
589 1927 
589 1926 
589 1922 
589 1919 
588 1912 
586 1907 
585 1900 
585 1893 
581 1886 
579 1876 
575 1869 
569 1864 
566 1859 
562 1853 
561 1847 
560 1844 
559 1839 
559 1839 
559 1838 
559 1838 
557 1838 
557 1838 
557 1841 
557 1846 
561 1852 
561 1858 
565 1866 
569 1883 
576 1893 
578 1904 
580 1916 
586 1923 
590 1929 
592 1936 
595 1940 
597 1944 
600 1949 
603 1952 
607 1954 
610 1958 
614 1959 
615 1959 
616 1959 
618 1959 
618 1958 
621 1956 
621 1952 
621 1948 
621 1945 
621 1941 
621 1936 
615 1929 
615 1923 
610 1920 
606 1916 
604 1913 
601 1909 
598 1907 
595 1904 
591 1901 
586 1899 
583 1898 
578 1898 
576 1898 
575 1912 
.PEN_UP 
.DT 211
.PEN_DOWN
651 1932 
651 1932 
651 1932 
651 1930 
651 1930 
651 1930 
652 1930 
652 1930 
652 1930 
652 1930 
654 1930 
657 1930 
658 1930 
658 1932 
661 1933 
665 1935 
666 1938 
671 1941 
673 1943 
675 1947 
677 1950 
680 1952 
682 1955 
683 1961 
683 1964 
683 1966 
683 1966 
683 1967 
682 1967 
682 1967 
678 1967 
676 1965 
671 1963 
667 1960 
664 1957 
657 1950 
657 1946 
654 1942 
651 1938 
650 1932 
650 1927 
650 1924 
650 1920 
652 1915 
652 1913 
653 1911 
655 1909 
661 1909 
663 1909 
665 1909 
671 1909 
676 1911 
.PEN_UP 
.DT 151
.PEN_DOWN
719 1951 
720 1951 
721 1950 
721 1950 
721 1950 
721 1949 
721 1949 
722 1948 
722 1942 
722 1939 
722 1936 
722 1932 
722 1929 
721 1926 
720 1924 
718 1920 
717 1918 
713 1917 
711 1915 
711 1914 
707 1914 
707 1914 
707 1914 
707 1914 
707 1916 
707 1918 
707 1921 
708 1925 
713 1929 
714 1933 
717 1936 
721 1939 
725 1946 
727 1948 
731 1950 
731 1951 
735 1951 
735 1951 
735 1951 
736 1951 
737 1951 
737 1950 
737 1947 
740 1943 
741 1938 
741 1933 
742 1929 
745 1925 
747 1923 
748 1921 
748 1920 
752 1920 
752 1920 
754 1920 
755 1920 
758 1920 
760 1923 
762 1926 
763 1930 
763 1933 
764 1937 
765 1941 
765 1945 
765 1950 
765 1957 
768 1963 
768 1968 
768 1974 
768 1975 
768 1975 
768 1975 
769 1975 
769 1975 
769 1975 
.PEN_UP 
.DT 186
.PEN_DOWN
816 1930 
814 1931 
814 1931 
814 1931 
814 1931 
814 1931 
814 1931 
815 1931 
817 1933 
822 1935 
822 1936 
826 1937 
830 1941 
832 1941 
836 1944 
838 1949 
840 1950 
840 1952 
843 1955 
845 1958 
847 1960 
847 1962 
847 1965 
847 1968 
847 1969 
845 1971 
843 1973 
840 1973 
840 1973 
836 1973 
835 1969 
832 1967 
829 1965 
826 1961 
824 1956 
816 1944 
812 1938 
812 1932 
812 1927 
812 1922 
813 1918 
813 1915 
813 1913 
821 1911 
821 1911 
822 1911 
828 1911 
835 1911 
835 1914 
835 1917 
835 1919 
.PEN_UP 
.DT 141
.PEN_DOWN
889 1950 
889 1950 
889 1950 
886 1950 
886 1951 
886 1951 
886 1951 
886 1951 
884 1951 
882 1950 
880 1948 
877 1946 
873 1941 
866 1937 
862 1933 
861 1929 
855 1926 
853 1923 
853 1919 
852 1917 
852 1914 
852 1913 
852 1912 
852 1911 
855 1911 
858 1911 
861 1911 
866 1912 
870 1912 
874 1912 
877 1914 
883 1918 
883 1922 
889 1924 
893 1927 
896 1934 
.PEN_UP 
.DT 131
.PEN_DOWN
924 2030 
926 2032 
926 2034 
926 2037 
926 2037 
930 2037 
930 2037 
930 2035 
930 2033 
927 2025 
925 2019 
922 2012 
914 2007 
910 2001 
910 1991 
905 1981 
892 1961 
890 1950 
886 1940 
884 1930 
882 1921 
881 1916 
881 1914 
881 1911 
881 1907 
881 1907 
881 1907 
883 1909 
.PEN_UP
.SEGMENT WORD           29-29 ? ","
.PEN_DOWN
1725 1896 
1720 1898 
1720 1898 
1720 1898 
1720 1898 
1720 1898 
1720 1897 
1721 1896 
1721 1894 
1721 1893 
1722 1891 
1722 1888 
1722 1883 
1722 1881 
1722 1880 
1722 1877 
1722 1873 
1721 1870 
1720 1868 
1716 1865 
1712 1862 
1708 1860 
1704 1857 
1700 1854 
1689 1847 
1686 1847 
1681 1847 
1678 1846 
1676 1846 
1676 1846 
1676 1846 
.PEN_UP
.SEGMENT TEXT_CHUNK     30-58 ? "that nothing more happened ,"
.PEN_DOWN
347 525 
347 532 
347 537 
347 537 
345 537 
345 537 
345 537 
344 537 
344 538 
343 538 
340 538 
340 538 
339 534 
335 530 
329 521 
327 521 
322 513 
319 500 
316 494 
316 486 
307 478 
300 471 
296 462 
295 454 
289 447 
286 435 
285 435 
285 435 
.PEN_UP 
.DT 206
.PEN_DOWN
290 509 
290 509 
290 509 
290 509 
290 509 
290 509 
297 509 
305 509 
309 509 
315 509 
324 509 
332 509 
341 513 
358 513 
368 513 
372 513 
379 513 
.PEN_UP 
.DT 226
.PEN_DOWN
411 562 
410 562 
409 562 
408 562 
408 562 
408 559 
404 552 
397 547 
397 541 
394 536 
393 531 
390 525 
390 516 
384 505 
381 499 
378 496 
374 488 
373 481 
363 469 
362 464 
358 462 
357 461 
356 459 
356 459 
356 459 
356 459 
356 459 
356 460 
356 463 
360 470 
364 474 
369 475 
371 479 
376 486 
382 490 
386 493 
388 496 
391 499 
397 501 
400 501 
403 501 
409 501 
410 499 
410 498 
410 497 
410 491 
410 485 
408 481 
407 477 
404 472 
404 468 
404 467 
404 459 
.PEN_UP 
.DT 196
.PEN_DOWN
448 497 
448 497 
447 497 
442 497 
442 497 
442 494 
434 494 
431 494 
431 492 
426 488 
424 486 
422 486 
420 483 
415 480 
414 476 
414 473 
414 471 
414 468 
414 465 
415 464 
415 461 
416 460 
421 460 
424 460 
432 460 
432 464 
443 470 
443 473 
450 476 
452 481 
452 484 
452 486 
452 490 
452 494 
454 497 
454 499 
454 499 
454 499 
454 499 
454 499 
454 499 
454 499 
454 497 
446 496 
445 493 
443 489 
440 483 
436 479 
436 474 
436 466 
436 462 
436 460 
440 458 
442 456 
444 456 
445 456 
447 456 
450 456 
.PEN_UP 
.DT 166
.PEN_DOWN
501 524 
501 524 
501 524 
497 518 
496 518 
495 515 
490 510 
490 505 
489 500 
488 495 
486 490 
485 484 
482 477 
482 473 
482 470 
482 464 
481 464 
481 464 
481 464 
481 464 
481 464 
.PEN_UP 
.DT 151
.PEN_DOWN
464 518 
464 519 
464 519 
467 520 
471 520 
474 520 
480 520 
484 520 
499 520 
508 520 
515 519 
522 519 
.PEN_UP 
.DT 351
.PEN_DOWN
673 490 
673 490 
673 490 
672 485 
671 481 
670 476 
668 471 
666 466 
664 462 
664 457 
664 452 
657 448 
656 447 
653 443 
652 438 
648 435 
648 435 
648 435 
648 435 
648 436 
648 438 
648 440 
649 444 
649 447 
649 451 
654 456 
656 461 
660 470 
662 475 
667 479 
667 482 
674 488 
678 489 
678 492 
679 492 
679 492 
679 492 
679 489 
688 487 
688 484 
688 481 
688 478 
688 474 
688 470 
688 467 
690 463 
690 461 
690 458 
691 455 
692 455 
694 455 
694 455 
695 455 
695 455 
695 455 
695 460 
701 463 
705 465 
707 470 
710 475 
712 478 
714 484 
719 491 
719 496 
726 500 
726 502 
728 504 
729 507 
730 509 
731 512 
732 513 
734 513 
734 513 
736 513 
.PEN_UP 
.DT 171
.PEN_DOWN
774 480 
763 480 
763 479 
758 479 
757 479 
756 478 
754 476 
753 476 
752 476 
748 469 
748 466 
747 463 
747 460 
747 457 
747 457 
749 457 
753 455 
756 455 
761 455 
763 456 
771 460 
774 461 
778 464 
778 468 
782 471 
782 475 
782 477 
782 480 
782 482 
785 485 
785 492 
785 494 
782 495 
782 495 
781 495 
776 495 
772 495 
766 495 
762 494 
753 489 
749 484 
745 481 
741 479 
738 473 
738 471 
738 470 
.PEN_UP 
.DT 221
.PEN_DOWN
873 525 
873 525 
873 525 
873 525 
873 527 
873 527 
873 527 
873 527 
873 527 
871 523 
868 519 
868 517 
868 513 
863 509 
860 503 
860 497 
853 493 
850 488 
847 484 
847 481 
842 470 
840 468 
840 466 
840 462 
840 462 
840 462 
840 462 
.PEN_UP 
.DT 161
.PEN_DOWN
819 501 
819 501 
820 501 
824 502 
825 502 
830 502 
842 502 
850 506 
855 507 
866 507 
875 510 
884 510 
889 510 
.PEN_UP 
.DT 186
.PEN_DOWN
916 548 
916 548 
916 550 
.PEN_UP 
.DT 71
.PEN_DOWN
915 545 
915 542 
915 537 
915 530 
915 524 
915 518 
914 512 
913 507 
913 503 
911 497 
908 490 
904 481 
900 474 
898 472 
897 468 
897 468 
897 468 
897 468 
897 468 
898 468 
898 469 
902 476 
903 478 
905 482 
909 487 
914 496 
915 498 
918 500 
919 500 
919 500 
919 500 
919 500 
925 500 
925 499 
926 496 
926 494 
926 486 
926 481 
926 478 
926 474 
926 469 
922 466 
922 462 
922 459 
922 457 
922 451 
.PEN_UP 
.DT 156
.PEN_DOWN
993 481 
993 481 
991 481 
990 481 
988 478 
984 474 
981 472 
981 470 
981 468 
981 464 
976 460 
975 457 
975 455 
975 453 
975 451 
.PEN_UP 
.DT 166
.PEN_DOWN
1004 518 
1004 518 
1004 518 
1004 518 
.PEN_UP 
.DT 161
.PEN_DOWN
1018 482 
1015 481 
1014 480 
1014 479 
1013 478 
1013 475 
1013 471 
1012 469 
1009 466 
1009 464 
1009 462 
1008 461 
1007 460 
1007 458 
1006 458 
1005 458 
1005 458 
1005 458 
1005 458 
1005 458 
1005 459 
1007 462 
1007 465 
1012 467 
1015 470 
1016 475 
1019 479 
1023 482 
1024 483 
1027 485 
1031 487 
1031 489 
1031 489 
1036 489 
1037 488 
1037 487 
1037 487 
1040 486 
1040 484 
1041 483 
1041 481 
1043 479 
1043 476 
1045 474 
1045 471 
1045 471 
1045 471 
1046 471 
1048 471 
1048 471 
.PEN_UP 
.DT 146
.PEN_DOWN
1134 486 
1134 486 
1133 486 
1133 486 
1129 486 
1127 486 
1125 486 
1121 486 
1120 486 
1118 486 
1114 486 
1112 482 
1108 480 
1107 479 
1105 477 
1103 474 
1102 472 
1102 470 
1102 468 
1102 467 
1102 465 
1102 463 
1108 463 
1108 463 
1109 463 
1112 464 
1119 467 
1122 468 
1123 470 
1126 472 
1128 473 
1129 476 
1133 478 
1133 479 
1134 479 
1134 480 
1134 480 
1134 480 
1136 480 
1136 479 
1136 476 
1134 472 
1132 466 
1131 461 
1130 456 
1127 449 
1124 438 
1120 429 
1115 425 
1111 413 
1101 406 
1095 402 
1091 396 
1085 389 
1077 385 
1070 379 
1066 376 
1058 376 
1057 376 
1057 376 
1046 376 
1040 380 
1040 385 
1040 389 
1040 397 
1040 400 
1040 400 
.PEN_UP 
.DT 411
.PEN_DOWN
1332 485 
1328 488 
1328 488 
1328 488 
1328 488 
1328 488 
1330 487 
1330 485 
1330 484 
1330 483 
1329 476 
1329 472 
1328 462 
1327 456 
1323 450 
1322 445 
1320 441 
1318 437 
1314 436 
1314 435 
1314 431 
1314 430 
1314 430 
1314 430 
1314 430 
1316 432 
1318 433 
1322 437 
1322 442 
1326 448 
1328 452 
1331 456 
1334 461 
1340 468 
1340 470 
1345 473 
1350 481 
1354 482 
1358 483 
1361 484 
1365 484 
1365 484 
1366 484 
1367 483 
1367 483 
1367 481 
1367 479 
1367 478 
1367 470 
1366 467 
1366 462 
1366 459 
1364 456 
1363 452 
1361 449 
1359 446 
1359 444 
1359 443 
1359 443 
1359 443 
1359 444 
1360 444 
1360 444 
1363 445 
1366 450 
1368 454 
1371 457 
1374 463 
1378 468 
1380 471 
1384 475 
1392 478 
1397 479 
1402 481 
1404 482 
1405 482 
1406 482 
1409 482 
1413 482 
1414 481 
1415 480 
1417 478 
1417 474 
1417 468 
1417 464 
1417 461 
1414 459 
1412 455 
1411 450 
1406 446 
1406 443 
1403 441 
1403 439 
1403 436 
1403 434 
.PEN_UP 
.DT 151
.PEN_DOWN
1461 476 
1461 476 
1458 476 
1458 476 
1452 476 
1448 476 
1447 475 
1445 474 
1443 472 
1439 470 
1437 466 
1436 461 
1436 458 
1436 454 
1438 450 
1438 449 
1441 448 
1446 446 
1450 446 
1452 446 
1456 446 
1463 447 
1470 449 
1472 451 
1477 453 
1480 457 
1485 459 
1485 461 
1485 463 
1485 465 
1485 468 
1484 471 
1484 473 
1481 473 
1478 474 
1477 475 
1472 476 
1461 476 
1459 476 
1456 476 
1456 476 
1451 475 
.PEN_UP 
.DT 196
.PEN_DOWN
1532 463 
1530 463 
1530 463 
1527 463 
1527 463 
1526 461 
1525 459 
1525 456 
1525 453 
1524 449 
1521 447 
1520 444 
1517 439 
1514 435 
1513 432 
1512 431 
1511 431 
1511 431 
1511 431 
1511 431 
1511 431 
1511 433 
1514 437 
1516 440 
1519 443 
1520 448 
1526 453 
1527 456 
1530 459 
1534 464 
1537 468 
1537 473 
1541 477 
1544 478 
1548 481 
1548 481 
1548 481 
1551 481 
1551 481 
1551 481 
.PEN_UP 
.DT 181
.PEN_DOWN
1570 459 
1570 459 
1572 461 
1572 462 
1575 463 
1579 465 
1580 467 
1584 469 
1588 470 
1590 472 
1596 476 
1596 479 
1597 482 
1602 486 
1607 489 
1607 493 
1607 493 
1607 493 
1607 496 
1606 497 
1606 497 
1605 497 
1605 497 
1601 496 
1596 492 
1589 489 
1583 486 
1580 483 
1580 480 
1574 476 
1574 472 
1574 468 
1574 464 
1574 460 
1577 456 
1578 452 
1580 450 
1588 444 
1597 440 
1607 436 
1614 436 
1624 436 
1632 436 
1641 436 
1651 437 
.PEN_UP 
.DT 421
.PEN_DOWN
1841 535 
1841 538 
1841 540 
1841 542 
1841 542 
1841 542 
1841 542 
1841 542 
1841 541 
1844 539 
1844 533 
1844 527 
1844 520 
1843 514 
1843 507 
1841 497 
1839 488 
1835 480 
1827 465 
1824 453 
1819 447 
1818 443 
1815 440 
1815 439 
1815 439 
1815 439 
1815 439 
1817 439 
1820 442 
1820 446 
1821 450 
1824 457 
1832 461 
1837 466 
1844 470 
1851 474 
1851 477 
1857 479 
1858 481 
1862 482 
1866 482 
1870 482 
1870 482 
1872 478 
1874 476 
1874 473 
1874 470 
1874 465 
1874 460 
1871 455 
1869 449 
1869 444 
1865 438 
1865 432 
1865 421 
.PEN_UP 
.DT 176
.PEN_DOWN
1935 479 
1935 481 
1930 481 
1930 482 
1929 482 
1926 482 
1926 482 
1925 481 
1922 481 
1922 477 
1916 476 
1913 476 
1911 475 
1909 473 
1906 470 
1905 468 
1902 463 
1901 460 
1899 457 
1899 453 
1899 451 
1900 446 
1901 444 
1904 444 
1906 444 
1910 444 
1912 444 
1914 444 
1921 448 
1923 450 
1926 452 
1930 457 
1938 465 
1944 469 
1946 470 
1951 471 
1951 475 
1951 479 
1954 482 
1954 485 
1954 486 
1954 486 
1954 486 
1954 486 
1950 483 
1949 481 
1949 480 
1944 476 
1941 470 
1939 465 
1935 461 
1935 457 
1935 452 
1933 446 
1933 442 
1933 434 
1933 432 
1933 431 
1948 424 
1951 424 
.PEN_UP 
.DT 176
.PEN_DOWN
2021 463 
2020 462 
2019 461 
2019 457 
2016 454 
2016 450 
2010 447 
2009 445 
2009 439 
2005 433 
2005 427 
2000 422 
1999 416 
1994 410 
1989 405 
1989 397 
1984 393 
1981 389 
1979 384 
1978 384 
1978 384 
1978 384 
1978 384 
1978 384 
1978 384 
1979 387 
1979 391 
1984 397 
1986 402 
1991 411 
1995 417 
1996 421 
1998 428 
2004 436 
2006 444 
2009 452 
2011 462 
2014 472 
2022 478 
2026 489 
2032 493 
2037 496 
2038 497 
2044 501 
2047 504 
2049 504 
2055 504 
2055 504 
2055 504 
2057 502 
2057 496 
2064 486 
2064 481 
2064 477 
2064 470 
2064 464 
2062 460 
2058 456 
2054 450 
2049 447 
2044 445 
2040 440 
2035 439 
2029 437 
2023 437 
2021 437 
2021 437 
2021 437 
2021 437 
.PEN_UP 
.DT 186
.PEN_DOWN
2094 459 
2092 459 
2088 458 
2087 458 
2087 456 
2087 455 
2087 454 
2086 452 
2086 448 
2086 444 
2083 441 
2083 435 
2083 431 
2083 425 
2083 417 
2082 412 
2080 408 
2078 403 
2077 401 
2074 398 
2073 394 
2070 390 
2065 386 
2062 383 
2062 383 
2062 383 
2062 383 
2062 384 
2062 384 
2062 386 
2065 390 
2070 392 
2073 396 
2077 405 
2083 413 
2086 421 
2093 429 
2098 439 
2104 450 
2107 460 
2111 468 
2122 474 
2122 479 
2127 484 
2132 489 
2135 494 
2145 500 
2150 502 
2153 503 
2155 503 
2155 503 
2155 503 
2155 503 
2155 500 
2154 497 
2153 491 
2152 485 
2151 474 
2144 470 
2143 465 
2140 461 
2133 457 
2132 454 
2128 450 
2125 447 
2120 445 
2117 443 
2114 443 
2111 443 
2107 443 
2105 445 
2105 446 
2105 449 
2105 454 
2109 457 
.PEN_UP 
.DT 171
.PEN_DOWN
2179 475 
2179 475 
2179 475 
2179 475 
2179 474 
2179 473 
2179 473 
2182 472 
2185 471 
2188 471 
2190 471 
2194 471 
2201 471 
2203 471 
2206 473 
2209 475 
2215 479 
2220 480 
2221 483 
2223 486 
2223 488 
2223 490 
2223 493 
2222 493 
2221 497 
2221 501 
2221 501 
2218 501 
2210 500 
2209 499 
2209 496 
2206 495 
2202 492 
2199 490 
2197 486 
2192 482 
2189 480 
2187 476 
2185 471 
2182 461 
2179 456 
2179 454 
2179 451 
2179 445 
2186 440 
2191 438 
2193 435 
2201 432 
2206 431 
2218 430 
2228 430 
2236 430 
.PEN_UP 
.DT 156
.PEN_DOWN
2278 469 
2277 469 
2276 469 
2276 469 
2276 468 
2276 468 
2278 468 
2278 465 
2278 464 
2278 463 
2278 461 
2278 455 
2276 451 
2275 448 
2272 445 
2270 442 
2266 440 
2266 440 
2265 440 
2260 440 
2259 440 
2255 440 
2255 440 
2254 440 
2254 440 
2254 442 
2256 444 
2257 446 
2258 450 
2262 452 
2266 455 
2270 458 
2274 461 
2277 463 
2282 467 
2287 476 
2288 479 
2292 480 
2295 480 
2295 481 
2296 481 
2297 481 
2297 481 
2297 480 
2297 478 
2297 473 
2297 466 
2296 462 
2296 459 
2296 455 
2296 451 
2296 447 
2296 445 
2296 445 
2299 445 
2299 445 
2305 445 
2308 448 
2308 451 
2311 456 
2312 458 
2315 461 
2315 464 
2315 467 
2318 471 
2318 473 
2318 476 
2318 481 
2318 486 
2324 490 
2325 495 
2325 499 
2327 503 
2327 505 
2327 507 
2328 509 
2330 509 
2331 509 
2331 509 
.PEN_UP 
.DT 171
.PEN_DOWN
2372 475 
2371 473 
2371 473 
2371 473 
2371 473 
2371 473 
2371 473 
2371 474 
2371 478 
2374 482 
2374 488 
2386 488 
2388 488 
2392 489 
2393 492 
2395 497 
2399 500 
2400 502 
2401 502 
2401 505 
2401 505 
2401 506 
2401 511 
2401 515 
2400 515 
2397 515 
2393 515 
2389 515 
2385 513 
2380 512 
2376 510 
2371 504 
2368 498 
2363 493 
2363 488 
2363 477 
2363 472 
2363 467 
2365 462 
2367 458 
2369 456 
2373 454 
2382 452 
2386 450 
2392 450 
2399 450 
2404 450 
2404 451 
.PEN_UP 
.DT 161
.PEN_DOWN
2465 485 
2465 485 
2462 485 
2460 485 
2458 485 
2458 485 
2455 485 
2453 485 
2453 483 
2447 481 
2442 480 
2435 475 
2434 471 
2431 469 
2430 466 
2429 463 
2429 462 
2429 461 
2429 460 
2430 457 
2431 454 
2434 452 
2437 452 
2450 452 
2456 452 
2461 452 
2472 452 
2475 455 
2482 459 
2484 462 
2491 465 
2493 469 
2496 474 
2496 478 
2498 480 
2503 481 
2503 488 
2503 496 
2503 503 
.PEN_UP 
.DT 81
.PEN_DOWN
2498 558 
2498 565 
2501 571 
2502 575 
2505 580 
2506 583 
2507 584 
2507 584 
2510 585 
2510 585 
2512 585 
2514 585 
2516 584 
2518 580 
2518 575 
2518 570 
2518 563 
2518 555 
2516 546 
2516 538 
2514 528 
2512 520 
2512 512 
2504 497 
2502 484 
2497 473 
2494 463 
2494 455 
2494 449 
2494 445 
2494 440 
2494 430 
.PEN_UP

.START_BOX
.SEGMENT PAGE           59-102
.SEGMENT TEXT_CHUNK     59-80 ? "she decided on going"
.SEGMENT WORD           59-61 ? "she"
.PEN_DOWN
325 2328 
325 2329 
325 2330 
325 2335 
325 2336 
325 2338 
326 2338 
326 2338 
326 2338 
326 2340 
326 2343 
326 2344 
326 2344 
326 2344 
324 2346 
323 2346 
322 2346 
313 2346 
308 2344 
305 2344 
300 2344 
293 2344 
293 2344 
292 2343 
292 2342 
292 2342 
292 2342 
292 2342 
292 2339 
294 2333 
294 2330 
300 2330 
300 2327 
306 2323 
310 2318 
310 2315 
312 2310 
312 2310 
312 2310 
312 2309 
312 2308 
312 2306 
312 2304 
309 2304 
303 2304 
300 2304 
295 2304 
295 2304 
295 2304 
295 2308 
282 2310 
279 2311 
273 2312 
271 2312 
269 2312 
266 2313 
266 2317 
266 2317 
266 2317 
264 2317 
264 2316 
264 2313 
264 2311 
.PEN_UP 
.DT 231
.PEN_DOWN
420 2401 
420 2402 
420 2403 
420 2403 
420 2403 
420 2403 
420 2403 
420 2402 
420 2401 
419 2398 
419 2394 
416 2390 
412 2387 
411 2381 
403 2376 
401 2363 
395 2357 
391 2352 
385 2347 
381 2344 
375 2337 
369 2329 
364 2324 
358 2321 
357 2318 
355 2316 
351 2313 
351 2313 
351 2313 
351 2313 
351 2314 
352 2315 
356 2315 
357 2318 
360 2323 
363 2327 
370 2332 
374 2340 
388 2342 
392 2342 
395 2344 
395 2344 
405 2344 
406 2344 
406 2343 
406 2341 
406 2340 
406 2335 
406 2332 
406 2332 
406 2325 
403 2322 
403 2319 
399 2316 
398 2313 
393 2313 
393 2313 
393 2312 
393 2306 
393 2305 
393 2305 
.PEN_UP 
.DT 166
.PEN_DOWN
440 2340 
440 2340 
440 2340 
440 2340 
440 2340 
441 2340 
444 2340 
444 2340 
444 2340 
444 2339 
450 2339 
456 2339 
459 2341 
462 2343 
466 2343 
469 2344 
472 2346 
475 2347 
476 2349 
478 2352 
480 2354 
480 2356 
480 2358 
480 2359 
480 2359 
479 2359 
475 2359 
472 2358 
469 2356 
462 2355 
458 2352 
451 2350 
446 2347 
440 2344 
437 2339 
434 2329 
434 2327 
434 2325 
434 2322 
434 2321 
440 2320 
444 2317 
451 2316 
461 2316 
468 2316 
480 2316 
495 2315 
.PEN_UP
.SEGMENT WORD           62-72 ? "decided"
.PEN_DOWN
1656 2304 
1650 2307 
1649 2310 
1649 2311 
1649 2313 
1649 2315 
1649 2315 
1649 2316 
1646 2319 
1646 2321 
1645 2321 
1642 2323 
1641 2323 
1639 2323 
1636 2323 
1632 2323 
1628 2322 
1624 2321 
1620 2320 
1613 2318 
1610 2316 
1604 2314 
1604 2312 
1604 2310 
1604 2307 
1604 2305 
1606 2304 
1608 2303 
1611 2302 
1617 2302 
1622 2302 
1627 2300 
1631 2299 
1639 2298 
1642 2298 
1647 2296 
1650 2296 
1653 2296 
1654 2295 
.PEN_UP 
.DT 196
.PEN_DOWN
1714 2392 
1714 2395 
1714 2396 
1716 2398 
1716 2401 
1719 2401 
1719 2401 
1719 2401 
1719 2401 
1719 2401 
1719 2400 
1719 2394 
1717 2390 
1714 2384 
1711 2378 
1707 2375 
1705 2369 
1699 2361 
1696 2355 
1688 2349 
1682 2342 
1678 2335 
1670 2324 
1665 2319 
1664 2315 
1664 2311 
1661 2308 
1660 2305 
1660 2301 
1660 2299 
1660 2299 
.PEN_UP 
.DT 186
.PEN_DOWN
1711 2317 
1709 2317 
1708 2317 
1708 2317 
1708 2317 
1708 2317 
1708 2317 
1709 2316 
1710 2316 
1712 2316 
1715 2316 
1721 2317 
1728 2318 
1731 2319 
1734 2320 
1738 2321 
1744 2322 
1744 2324 
1746 2326 
1748 2327 
1749 2327 
1749 2334 
1749 2336 
1749 2338 
1749 2339 
1749 2341 
1748 2343 
1748 2343 
1744 2343 
1741 2343 
1734 2342 
1730 2341 
1727 2334 
1715 2330 
1711 2326 
1708 2321 
1706 2318 
1703 2313 
1703 2307 
1703 2304 
1703 2303 
1703 2299 
1703 2296 
1710 2293 
1718 2290 
1724 2290 
1731 2290 
1735 2290 
1743 2290 
.PEN_UP 
.DT 191
.PEN_DOWN
1832 2333 
1831 2337 
1828 2337 
1828 2339 
1826 2339 
1826 2339 
1826 2340 
1826 2340 
1826 2340 
1826 2340 
1823 2339 
1820 2339 
1817 2337 
1809 2333 
1806 2331 
1802 2327 
1799 2323 
1796 2321 
1793 2318 
1792 2315 
1792 2312 
1792 2309 
1792 2306 
1795 2304 
1796 2303 
1803 2300 
1805 2300 
1811 2300 
1822 2300 
1823 2300 
1831 2300 
.PEN_UP 
.DT 166
.PEN_DOWN
1913 2351 
1910 2351 
1910 2351 
1910 2351 
1909 2351 
1906 2348 
1906 2347 
1902 2343 
1900 2339 
1898 2338 
1894 2334 
1891 2332 
1889 2330 
1887 2325 
1885 2323 
1884 2320 
1884 2316 
1884 2312 
.PEN_UP 
.DT 146
.PEN_DOWN
1928 2371 
1928 2376 
1929 2380 
1932 2381 
1932 2383 
1932 2383 
1933 2383 
1934 2383 
1938 2382 
1939 2380 
1939 2380 
1944 2378 
.PEN_UP 
.DT 171
.PEN_DOWN
1996 2325 
1989 2326 
1988 2329 
1985 2331 
1984 2332 
1981 2333 
1980 2333 
1979 2333 
1975 2333 
1973 2332 
1968 2330 
1963 2328 
1959 2325 
1956 2323 
1951 2320 
1948 2316 
1948 2313 
1948 2311 
1948 2309 
1948 2306 
1948 2303 
1949 2303 
1954 2301 
1958 2301 
1964 2301 
1967 2301 
1975 2300 
1980 2300 
1988 2300 
1989 2300 
.PEN_UP 
.DT 166
.PEN_DOWN
2082 2405 
2082 2409 
2083 2410 
2083 2410 
2083 2410 
2083 2410 
2083 2410 
2083 2410 
2081 2409 
2078 2405 
2074 2399 
2070 2394 
2068 2390 
2062 2385 
2052 2371 
2048 2363 
2042 2354 
2035 2346 
2026 2337 
2020 2330 
2014 2322 
2009 2314 
2003 2308 
2002 2304 
2002 2300 
2002 2297 
.PEN_UP 
.DT 181
.PEN_DOWN
2065 2323 
2062 2323 
2062 2321 
2062 2319 
2062 2319 
2062 2319 
2062 2318 
2062 2317 
2070 2317 
2071 2317 
2075 2317 
2080 2317 
2086 2318 
2089 2318 
2092 2320 
2100 2322 
2104 2323 
2106 2325 
2110 2327 
2113 2330 
2115 2335 
2116 2337 
2117 2340 
2117 2343 
2117 2344 
2117 2345 
2116 2345 
2115 2345 
2110 2345 
2105 2345 
2104 2344 
2099 2341 
2090 2332 
2086 2329 
2083 2324 
2080 2318 
2079 2314 
2079 2310 
2079 2306 
2079 2303 
2083 2299 
2087 2296 
2095 2291 
2110 2287 
2119 2286 
2128 2285 
.PEN_UP 
.DT 156
.PEN_DOWN
2189 2316 
2187 2318 
2187 2320 
2185 2320 
2184 2320 
2184 2320 
2180 2320 
2180 2320 
2176 2320 
2173 2317 
2165 2315 
2163 2311 
2160 2309 
2156 2306 
2152 2303 
2150 2301 
2148 2298 
2148 2296 
2148 2295 
2148 2294 
2148 2293 
2151 2291 
2153 2291 
2159 2291 
2164 2291 
2170 2291 
2175 2292 
2180 2293 
2185 2293 
2190 2293 
.PEN_UP 
.DT 121
.PEN_DOWN
2260 2398 
2261 2402 
2269 2405 
2270 2407 
2273 2411 
2274 2412 
2276 2412 
2277 2412 
2278 2412 
2278 2411 
2278 2408 
2278 2404 
2273 2400 
2269 2394 
2266 2387 
2257 2382 
2252 2373 
2243 2363 
2232 2355 
2225 2348 
2216 2341 
2210 2333 
2205 2325 
2201 2313 
2201 2307 
2201 2304 
.PEN_UP
.SEGMENT WORD           73-74 ? "on"
.PEN_DOWN
3021 2332 
3020 2337 
3020 2339 
3020 2340 
3020 2342 
3020 2343 
3020 2343 
3020 2343 
3020 2343 
3019 2343 
3019 2342 
3017 2342 
3014 2341 
3013 2338 
3010 2336 
3006 2334 
3001 2330 
3000 2327 
2997 2324 
2994 2322 
2994 2321 
2994 2319 
2994 2318 
2995 2318 
2997 2318 
2999 2318 
3001 2318 
3005 2318 
3008 2318 
3010 2320 
3014 2323 
3016 2324 
3021 2327 
3024 2330 
3026 2333 
3029 2338 
3030 2340 
3030 2343 
3030 2347 
3030 2349 
3029 2351 
3028 2352 
3025 2352 
3021 2352 
3017 2352 
3017 2350 
3012 2348 
.PEN_UP 
.DT 201
.PEN_DOWN
3074 2332 
3074 2334 
3074 2336 
3074 2336 
3074 2336 
3074 2336 
3074 2336 
3074 2335 
3073 2334 
3073 2332 
3073 2331 
3070 2328 
3069 2325 
3065 2324 
3063 2321 
3060 2317 
3058 2316 
3058 2316 
3056 2316 
3056 2315 
3056 2315 
3056 2315 
3056 2315 
3056 2317 
3056 2319 
3056 2322 
3063 2330 
3068 2334 
3071 2337 
3076 2340 
3081 2343 
3086 2346 
3092 2346 
3093 2347 
3099 2348 
3101 2348 
3103 2348 
3106 2348 
3107 2347 
3107 2345 
3107 2343 
3107 2340 
3107 2336 
3105 2331 
3103 2329 
3102 2328 
3101 2325 
3101 2324 
3101 2322 
3101 2320 
3102 2320 
3103 2320 
3106 2321 
3111 2321 
3111 2323 
3118 2327 
3121 2331 
3128 2334 
3131 2336 
3138 2340 
3143 2343 
3147 2350 
3153 2354 
3154 2358 
3161 2361 
3162 2365 
3162 2366 
.PEN_UP
.SEGMENT WORD           75-80 ? "going"
.PEN_DOWN
289 1916 
289 1919 
289 1920 
289 1920 
289 1922 
289 1922 
289 1925 
289 1928 
289 1930 
289 1931 
289 1931 
289 1933 
288 1933 
287 1933 
286 1933 
284 1933 
282 1932 
281 1932 
280 1931 
274 1931 
271 1929 
264 1927 
262 1925 
252 1921 
251 1918 
251 1917 
251 1917 
251 1917 
251 1917 
251 1917 
251 1915 
253 1915 
256 1915 
259 1915 
261 1915 
272 1917 
277 1919 
282 1920 
286 1920 
288 1921 
293 1924 
295 1925 
297 1926 
300 1926 
300 1927 
300 1929 
300 1929 
300 1930 
300 1930 
300 1930 
300 1930 
300 1930 
300 1930 
297 1929 
297 1925 
297 1922 
292 1920 
286 1913 
283 1904 
280 1899 
279 1893 
272 1888 
266 1883 
263 1876 
256 1871 
250 1866 
245 1861 
236 1856 
229 1854 
225 1852 
216 1847 
212 1843 
205 1841 
198 1839 
195 1838 
192 1838 
190 1838 
188 1838 
188 1838 
188 1838 
188 1838 
.PEN_UP 
.DT 326
.PEN_DOWN
382 1930 
381 1930 
381 1931 
381 1931 
380 1931 
380 1931 
380 1931 
377 1931 
376 1931 
376 1931 
376 1930 
371 1929 
371 1928 
364 1922 
359 1918 
357 1916 
353 1912 
350 1910 
347 1908 
347 1907 
346 1904 
346 1902 
346 1902 
346 1902 
347 1902 
351 1902 
352 1902 
357 1902 
361 1904 
364 1906 
370 1909 
373 1911 
375 1913 
381 1915 
384 1918 
388 1921 
389 1928 
389 1931 
389 1934 
390 1940 
390 1944 
390 1947 
390 1947 
385 1947 
383 1947 
378 1947 
375 1945 
371 1943 
358 1937 
356 1935 
356 1931 
356 1925 
.PEN_UP 
.DT 196
.PEN_DOWN
436 1932 
435 1933 
434 1933 
434 1933 
434 1933 
434 1930 
431 1928 
430 1926 
429 1923 
424 1922 
420 1920 
418 1916 
414 1914 
409 1911 
408 1908 
408 1907 
408 1905 
408 1904 
.PEN_UP 
.DT 151
.PEN_DOWN
461 1958 
461 1960 
461 1961 
461 1962 
461 1964 
462 1966 
462 1966 
462 1966 
466 1965 
466 1965 
470 1965 
.PEN_UP 
.DT 161
.PEN_DOWN
483 1920 
480 1920 
480 1920 
480 1919 
479 1916 
478 1916 
473 1915 
473 1913 
471 1912 
468 1910 
464 1905 
460 1905 
456 1903 
455 1901 
455 1901 
454 1900 
454 1900 
454 1900 
454 1900 
454 1900 
454 1900 
455 1900 
460 1904 
465 1908 
470 1909 
472 1911 
477 1917 
484 1922 
490 1926 
495 1929 
498 1932 
500 1933 
504 1934 
504 1934 
507 1934 
507 1934 
507 1932 
507 1931 
506 1928 
505 1924 
502 1920 
502 1917 
500 1915 
497 1913 
496 1908 
496 1905 
496 1904 
496 1904 
497 1904 
498 1904 
499 1904 
502 1904 
502 1904 
505 1904 
508 1904 
512 1907 
515 1909 
520 1912 
522 1915 
527 1917 
527 1919 
528 1923 
531 1926 
533 1930 
533 1933 
535 1936 
535 1939 
537 1940 
538 1941 
539 1941 
539 1941 
542 1940 
.PEN_UP 
.DT 146
.PEN_DOWN
614 1930 
614 1930 
612 1930 
610 1930 
610 1930 
607 1930 
605 1930 
601 1930 
598 1930 
596 1928 
590 1924 
581 1918 
581 1915 
577 1914 
575 1914 
574 1912 
574 1910 
573 1910 
573 1908 
573 1908 
573 1908 
573 1908 
577 1909 
585 1910 
586 1911 
589 1913 
591 1915 
595 1917 
598 1919 
602 1922 
609 1925 
611 1926 
616 1927 
618 1929 
619 1929 
620 1929 
620 1929 
620 1929 
620 1928 
618 1927 
618 1923 
616 1919 
613 1917 
609 1913 
605 1908 
599 1903 
594 1898 
586 1886 
584 1883 
578 1878 
577 1872 
573 1867 
570 1864 
567 1860 
567 1854 
565 1850 
565 1848 
565 1846 
.PEN_UP
.SEGMENT TEXT_CHUNK     81-102 ? "she decided on going"
.PEN_DOWN
244 501 
244 501 
244 501 
244 501 
238 501 
238 501 
238 501 
238 501 
239 501 
239 500 
239 498 
239 497 
239 497 
239 496 
239 496 
239 496 
239 496 
239 495 
239 495 
239 495 
239 491 
239 489 
238 487 
238 485 
238 482 
236 479 
236 477 
236 475 
235 474 
235 473 
235 472 
229 469 
229 469 
227 468 
223 466 
223 464 
218 463 
214 463 
214 463 
214 463 
214 463 
204 463 
202 464 
194 466 
191 468 
190 469 
188 471 
188 473 
188 474 
188 476 
188 476 
189 476 
190 476 
190 471 
.PEN_UP 
.DT 251
.PEN_DOWN
335 559 
335 559 
335 560 
335 560 
335 560 
335 560 
335 557 
334 554 
334 552 
329 549 
328 545 
324 537 
322 528 
315 523 
314 520 
310 515 
301 508 
300 501 
288 488 
282 484 
280 479 
272 473 
270 468 
266 465 
263 463 
262 461 
262 461 
262 461 
262 461 
262 461 
263 464 
270 468 
274 472 
282 475 
288 482 
292 485 
301 487 
301 489 
304 490 
306 490 
308 490 
310 490 
310 490 
310 488 
310 486 
310 485 
310 482 
310 481 
309 479 
305 474 
305 469 
299 466 
295 461 
295 456 
292 452 
292 451 
292 440 
.PEN_UP 
.DT 166
.PEN_DOWN
338 474 
338 474 
338 474 
338 474 
338 474 
338 472 
339 469 
340 468 
342 468 
345 468 
353 468 
353 468 
358 468 
362 470 
366 472 
367 474 
373 475 
375 478 
375 483 
375 485 
382 488 
382 492 
382 493 
382 493 
382 494 
381 494 
379 494 
375 494 
373 492 
373 486 
360 481 
355 478 
351 475 
347 471 
347 467 
347 464 
347 461 
347 458 
347 453 
353 448 
360 446 
366 444 
386 440 
.PEN_UP 
.DT 366
.PEN_DOWN
620 469 
618 473 
614 474 
612 475 
610 477 
602 477 
597 477 
594 477 
588 477 
585 476 
579 475 
577 473 
573 471 
573 469 
573 465 
566 460 
564 458 
.PEN_UP 
.DT 166
.PEN_DOWN
662 557 
662 557 
662 557 
662 557 
660 557 
658 557 
658 555 
658 549 
654 544 
654 541 
654 535 
648 522 
648 518 
647 512 
643 506 
635 500 
631 494 
631 486 
618 479 
616 473 
608 467 
608 463 
608 457 
.PEN_UP 
.DT 166
.PEN_DOWN
657 478 
653 478 
653 478 
653 478 
653 476 
655 475 
657 475 
660 475 
663 475 
667 475 
671 475 
679 475 
682 476 
689 477 
689 477 
692 479 
694 480 
694 481 
697 484 
697 486 
697 488 
697 488 
694 488 
694 488 
691 488 
690 488 
686 488 
682 487 
677 485 
674 483 
672 481 
668 476 
666 473 
665 469 
665 458 
665 454 
667 451 
670 448 
672 445 
675 442 
677 440 
685 438 
693 436 
.PEN_UP 
.DT 306
.PEN_DOWN
818 468 
814 469 
814 469 
810 469 
805 469 
803 469 
799 469 
792 469 
785 466 
779 464 
779 463 
772 462 
769 460 
768 459 
768 458 
768 455 
767 451 
767 448 
767 445 
767 435 
770 432 
770 431 
773 427 
780 426 
780 423 
783 420 
793 419 
797 418 
799 418 
805 418 
808 416 
819 416 
.PEN_UP 
.DT 191
.PEN_DOWN
874 474 
872 474 
871 474 
871 474 
871 474 
867 470 
867 468 
867 465 
864 461 
863 458 
862 454 
856 450 
854 448 
852 444 
850 439 
850 435 
844 431 
844 430 
.PEN_UP 
.DT 161
.PEN_DOWN
905 509 
905 509 
905 509 
905 509 
905 509 
905 509 
905 509 
906 507 
906 506 
908 504 
.PEN_UP 
.DT 176
.PEN_DOWN
940 463 
937 463 
937 463 
937 463 
937 464 
936 464 
934 464 
934 464 
933 464 
930 464 
926 464 
925 461 
919 459 
918 457 
910 453 
910 450 
908 446 
908 443 
908 440 
908 436 
908 434 
909 431 
913 429 
922 429 
924 429 
930 429 
934 430 
.PEN_UP 
.DT 161
.PEN_DOWN
1010 537 
1010 538 
1010 539 
1010 539 
1010 539 
1010 539 
1010 538 
1010 535 
1009 531 
1006 527 
1004 522 
1001 519 
998 515 
993 511 
991 505 
986 499 
972 488 
964 480 
960 471 
954 462 
949 456 
944 450 
944 444 
944 441 
944 439 
.PEN_UP 
.DT 171
.PEN_DOWN
1019 474 
1019 474 
1017 474 
1017 473 
1017 469 
1017 467 
1018 466 
1020 464 
1025 461 
1025 461 
1027 461 
1027 460 
1037 460 
1040 460 
1047 461 
1049 463 
1052 464 
1054 466 
1054 467 
1056 468 
1059 472 
1059 475 
1059 478 
1059 480 
1059 485 
1058 488 
1058 488 
1054 488 
1052 488 
1049 487 
1047 486 
1043 484 
1040 481 
1037 480 
1037 476 
1032 470 
1032 466 
1032 460 
1032 455 
1032 452 
1032 451 
1032 449 
1035 446 
1036 445 
1039 445 
.PEN_UP 
.DT 146
.PEN_DOWN
1105 468 
1105 469 
1105 469 
1103 469 
1102 469 
1099 469 
1098 469 
1093 467 
1089 467 
1087 465 
1086 461 
1080 459 
1076 459 
1074 457 
1070 454 
1070 451 
1070 448 
1070 446 
1072 443 
1072 441 
1078 441 
1080 441 
1086 441 
1093 441 
1097 441 
1100 441 
1107 441 
1113 441 
.PEN_UP 
.DT 126
.PEN_DOWN
1193 538 
1196 541 
1200 544 
1201 545 
1201 545 
1201 546 
1201 546 
1201 546 
1201 546 
1200 545 
1196 539 
1193 534 
1189 531 
1182 526 
1179 521 
1172 514 
1165 509 
1158 502 
1154 495 
1149 490 
1148 477 
1146 471 
1146 466 
1146 463 
1146 460 
1147 459 
.PEN_UP 
.DT 456
.PEN_DOWN
1330 488 
1330 489 
1330 489 
1330 490 
1330 491 
1330 491 
1330 491 
1330 491 
1328 491 
1327 491 
1325 488 
1321 486 
1317 485 
1314 481 
1310 477 
1308 474 
1306 471 
1302 463 
1302 460 
1302 457 
1302 455 
1305 455 
1305 453 
1305 453 
1312 453 
1319 453 
1325 457 
1331 459 
1334 461 
1344 468 
1350 472 
1351 476 
1352 482 
1355 486 
1355 490 
1355 494 
1355 497 
1355 500 
1349 501 
1348 502 
1343 502 
1339 502 
1332 500 
1331 496 
.PEN_UP 
.DT 161
.PEN_DOWN
1394 477 
1394 477 
1398 477 
1398 477 
1398 476 
1398 476 
1398 476 
1398 475 
1398 474 
1398 472 
1398 470 
1394 468 
1391 467 
1390 465 
1385 461 
1381 459 
1379 458 
1376 457 
1375 457 
1375 456 
1375 456 
1375 456 
1377 457 
1377 459 
1380 461 
1382 462 
1388 465 
1393 469 
1397 471 
1401 472 
1410 478 
1414 481 
1419 483 
1421 483 
1421 483 
1427 483 
1427 483 
1427 483 
1430 481 
1430 479 
1430 477 
1430 470 
1425 468 
1425 465 
1425 462 
1425 460 
1424 457 
1424 455 
1424 454 
1424 453 
1425 453 
1425 453 
1431 453 
1434 454 
1438 456 
1442 458 
1448 461 
1453 465 
1458 469 
1462 472 
1469 476 
1476 482 
1481 487 
1486 492 
1492 498 
1504 508 
1507 513 
1507 513 
1510 513 
.PEN_UP 
.DT 301
.PEN_DOWN
1686 465 
1686 468 
1688 468 
1690 471 
1690 473 
1690 473 
1690 475 
1690 477 
1690 477 
1691 477 
1691 478 
1691 478 
1691 479 
1689 479 
1687 479 
1684 477 
1680 477 
1674 477 
1673 477 
1669 476 
1665 474 
1662 472 
1659 469 
1659 468 
1658 467 
1656 464 
1656 462 
1656 459 
1658 459 
1660 459 
1665 459 
1670 459 
1673 459 
1678 459 
1681 460 
1689 461 
1694 462 
1698 463 
1709 467 
1712 469 
1714 471 
1715 473 
1717 475 
1717 477 
1717 477 
1717 477 
1717 477 
1717 477 
1717 477 
1715 475 
1715 472 
1708 466 
1703 461 
1696 452 
1694 445 
1687 440 
1683 434 
1676 425 
1676 419 
1671 410 
1666 402 
1656 393 
1650 391 
1639 386 
1634 378 
1630 376 
1623 376 
1619 376 
1614 376 
1610 376 
1607 376 
1607 382 
1607 382 
1607 382 
1607 382 
1612 382 
.PEN_UP 
.DT 196
.PEN_DOWN
1771 462 
1768 465 
1768 466 
1768 467 
1768 468 
1768 468 
1768 468 
1768 469 
1768 469 
1768 469 
1768 469 
1768 469 
1760 467 
1757 465 
1753 463 
1750 460 
1746 459 
1742 456 
1738 453 
1735 449 
1735 446 
1735 443 
1735 441 
1735 439 
1739 437 
1746 435 
1754 435 
1755 435 
1760 435 
1764 435 
1764 437 
1775 439 
1780 442 
1782 445 
1789 447 
1789 451 
1793 460 
1793 464 
1793 468 
1793 471 
1793 473 
1793 476 
1792 478 
1785 478 
1784 478 
1780 478 
1774 476 
1772 472 
1766 466 
.PEN_UP 
.DT 196
.PEN_DOWN
1858 477 
1859 477 
1861 477 
1861 477 
1861 474 
1861 472 
1860 469 
1859 466 
1856 463 
1855 460 
1849 458 
1847 454 
1844 452 
1839 450 
1836 449 
1833 446 
1833 444 
1833 444 
.PEN_UP 
.DT 161
.PEN_DOWN
1897 501 
1897 504 
1897 506 
1897 506 
1897 506 
1898 506 
1904 506 
1906 505 
1909 504 
1911 503 
.PEN_UP 
.DT 156
.PEN_DOWN
1928 471 
1928 471 
1928 471 
1928 470 
1928 469 
1927 468 
1927 467 
1926 466 
1926 463 
1926 461 
1921 459 
1921 455 
1914 452 
1912 452 
1911 451 
1911 450 
1907 450 
1906 447 
1906 447 
1904 447 
1904 447 
1904 447 
1904 447 
1907 450 
1912 454 
1912 456 
1917 460 
1919 463 
1928 465 
1928 468 
1934 471 
1934 472 
1939 472 
1946 472 
1946 472 
1946 472 
1949 472 
1949 471 
1949 470 
1949 468 
1949 465 
1947 462 
1944 460 
1944 459 
1944 455 
1943 452 
1943 449 
1943 447 
1943 447 
1943 446 
1944 446 
1945 446 
1946 446 
1946 446 
1952 448 
1953 449 
1960 451 
1963 454 
1967 456 
1972 462 
1976 465 
1976 469 
1982 474 
1985 478 
1987 481 
1988 482 
.PEN_UP 
.DT 156
.PEN_DOWN
2041 463 
2041 463 
2041 465 
2041 466 
2041 466 
2039 467 
2039 468 
2039 468 
2039 468 
2039 468 
2032 468 
2028 467 
2023 467 
2015 465 
2009 462 
2007 460 
2004 457 
1998 451 
1998 449 
1998 448 
1998 446 
1998 446 
1998 446 
1998 446 
2002 446 
2004 446 
2007 446 
2015 447 
2020 451 
2028 453 
2032 455 
2035 456 
2039 458 
2044 461 
2044 461 
2044 461 
2044 461 
2044 461 
2044 460 
2044 460 
2044 456 
2038 453 
2037 447 
2031 442 
2031 440 
2028 437 
2026 434 
2018 428 
2013 423 
2007 419 
2001 415 
1996 410 
1977 407 
1971 401 
1965 399 
1950 399 
1946 399 
1936 399 
1930 399 
1927 400 
1922 401 
.PEN_UP
