.VERSION 1.0
.INCLUDE 	       ncr.doc

.COMMENT               ############
                       ### DATA ###
                       ############
.DATE                  07 16 1993
.WRITER_ID             jhnshrly
.HAND                  L
.SKILL                 ?
.STYLE                 PRINTED
.WRITER_INFO           First name: john
                       Last name: shirley
.COMMENT               In this database, segments are letters.

.SEGMENT CHARACTER 0-2 ? "A"
.PEN_DOWN
179 -104
179 -104
179 -104
176 -105
173 -108
171 -109
170 -111
170 -112
170 -112
170 -117
.PEN_UP
.PEN_DOWN
169 -123
169 -123
169 -123
168 -124
168 -125
168 -125
168 -125
168 -125
168 -124
168 -124
168 -124
166 -124
166 -124
166 -121
167 -119
169 -115
169 -112
171 -105
175 -95
179 -86
184 -74
190 -63
193 -50
198 -37
204 -12
207 -2
210 9
212 19
218 38
219 47
221 54
223 62
224 68
227 74
228 80
229 84
229 87
231 87
231 87
236 83
238 78
240 71
241 63
244 47
244 38
244 29
246 20
249 10
252 -1
257 -9
264 -24
267 -30
269 -36
273 -40
279 -49
279 -53
282 -57
283 -62
285 -69
285 -72
285 -74
285 -77
286 -78
.PEN_UP
.PEN_DOWN
290 -40
285 -37
277 -36
266 -35
255 -36
240 -40
224 -43
211 -47
191 -51
186 -51
182 -54
.PEN_UP
.SEGMENT CHARACTER 3-6 ? "B"
.PEN_DOWN
212 52
212 52
.PEN_UP
.PEN_DOWN
202 30
200 22
200 11
198 0
196 -11
196 -26
196 -38
196 -51
196 -74
196 -86
196 -97
.PEN_UP
.PEN_DOWN
151 25
149 25
149 27
149 29
149 29
149 30
153 32
156 34
197 39
208 39
218 39
228 37
237 36
247 33
257 30
264 28
277 23
281 21
.PEN_UP
.PEN_DOWN
290 15
288 12
286 6
279 1
270 -5
258 -13
244 -18
232 -24
214 -29
211 -30
207 -30
206 -31
206 -31
206 -29
209 -26
211 -23
222 -21
228 -23
236 -24
244 -26
263 -30
275 -34
286 -38
297 -43
307 -48
314 -52
322 -58
325 -62
325 -68
322 -73
318 -79
312 -84
295 -95
285 -100
274 -103
262 -107
240 -111
231 -113
.PEN_UP
.SEGMENT CHARACTER 7 ? "C"
.PEN_DOWN
283 47
283 48
281 48
281 49
275 49
272 49
269 49
266 49
264 49
262 50
256 50
251 50
245 50
236 48
228 44
220 39
204 19
197 6
192 -8
186 -20
180 -44
178 -53
182 -60
187 -64
196 -69
211 -71
228 -71
246 -71
277 -65
289 -64
.PEN_UP
.SEGMENT CHARACTER 8-10 ? "D"
.PEN_DOWN
210 27
206 27
203 25
200 23
194 17
190 13
187 10
184 6
179 -4
179 -11
179 -18
179 -24
179 -32
181 -42
184 -56
185 -70
188 -94
188 -103
192 -111
192 -118
196 -124
198 -127
198 -128
202 -128
204 -119
204 -112
204 -103
204 -95
207 -75
207 -64
209 -52
209 -40
211 -21
211 -11
215 -2
217 7
219 17
221 27
221 36
221 43
221 52
221 53
221 56
221 57
221 57
221 56
223 53
225 48
234 32
238 23
245 12
.PEN_UP
.PEN_DOWN
289 -36
298 -43
304 -50
311 -63
314 -70
314 -76
314 -83
.PEN_UP
.PEN_DOWN
273 -113
261 -115
250 -117
239 -119
230 -119
221 -118
.PEN_UP
.SEGMENT CHARACTER 11-12 ? "E"
.PEN_DOWN
321 25
319 25
318 24
316 24
309 21
305 21
303 20
298 20
295 21
289 23
281 24
273 24
259 24
253 23
248 21
243 18
238 14
233 10
230 7
226 3
225 0
225 -4
225 -9
226 -14
228 -27
230 -34
230 -42
233 -50
233 -57
233 -67
235 -76
235 -86
230 -102
227 -110
223 -117
219 -124
217 -129
215 -136
215 -136
215 -136
219 -135
228 -128
235 -124
242 -119
249 -116
263 -111
267 -109
272 -109
276 -108
280 -107
286 -108
291 -108
.PEN_UP
.PEN_DOWN
231 -89
231 -88
235 -86
237 -83
251 -76
259 -72
269 -68
279 -66
290 -63
301 -63
.PEN_UP
.SEGMENT CHARACTER 13-14 ? "F"
.PEN_DOWN
239 -120
239 -120
239 -122
239 -122
239 -122
237 -122
237 -120
235 -119
233 -117
232 -113
230 -108
230 -102
228 -94
228 -83
228 -70
225 -57
225 -43
222 -31
218 -18
216 -7
211 12
211 19
209 26
209 33
211 40
214 49
218 56
221 63
227 69
229 71
233 71
236 69
241 67
249 63
256 60
267 57
290 53
301 53
311 53
320 53
.PEN_UP
.PEN_DOWN
255 -60
251 -62
248 -62
243 -64
238 -66
235 -66
233 -66
233 -64
233 -62
236 -60
240 -55
243 -52
254 -46
261 -45
268 -43
277 -41
288 -39
296 -37
307 -36
.PEN_UP
.SEGMENT CHARACTER 15 ? "G"
.PEN_DOWN
306 37
306 38
309 39
310 39
310 42
307 42
303 42
298 39
293 36
285 31
275 23
264 14
244 -9
235 -22
226 -36
217 -50
210 -64
206 -80
203 -93
204 -106
211 -121
218 -126
228 -129
240 -132
253 -134
269 -134
284 -134
295 -130
310 -126
312 -123
314 -119
314 -115
314 -110
312 -102
308 -95
304 -89
292 -78
286 -73
280 -69
275 -66
269 -66
264 -66
259 -66
255 -68
252 -69
252 -71
252 -73
254 -75
259 -75
263 -74
269 -73
275 -71
282 -70
289 -68
296 -66
302 -65
310 -62
324 -58
330 -56
334 -54
.PEN_UP
.SEGMENT CHARACTER 16-17 ? "H"
.PEN_DOWN
229 -28
229 -28
227 -27
226 -27
224 -25
224 -25
224 -25
224 -25
222 -31
221 -38
219 -46
217 -56
213 -82
213 -96
212 -109
212 -122
212 -145
212 -155
213 -165
215 -173
.PEN_UP
.PEN_DOWN
343 13
344 13
344 13
343 11
341 7
337 -1
332 -10
329 -21
321 -48
319 -62
315 -77
314 -91
314 -104
314 -117
315 -128
318 -139
324 -149
326 -151
329 -151
334 -151
339 -145
341 -142
341 -136
341 -131
340 -119
338 -112
338 -106
335 -101
324 -97
316 -97
308 -97
298 -99
278 -105
268 -107
257 -111
249 -114
232 -119
228 -120
216 -122
212 -120
206 -119
206 -119
206 -114
207 -112
211 -109
217 -105
226 -102
238 -99
.PEN_UP
.SEGMENT CHARACTER 18 ? "I"
.PEN_DOWN
272 -129
272 -129
272 -128
273 -128
271 -129
270 -129
268 -130
268 -130
266 -133
265 -133
263 -130
263 -127
263 -123
265 -113
267 -103
267 -90
267 -65
267 -55
267 -45
266 -37
267 -22
267 -17
269 -13
.PEN_UP
.SEGMENT CHARACTER 19-20 ? "J"
.PEN_DOWN
327 -5
328 -1
328 4
328 7
326 11
323 15
323 17
320 20
318 21
317 19
312 16
310 9
299 -9
296 -20
294 -32
294 -46
292 -61
294 -78
298 -95
304 -110
324 -134
332 -142
339 -149
344 -156
350 -167
350 -171
350 -172
348 -172
344 -169
332 -164
318 -158
301 -150
270 -137
259 -129
251 -122
244 -114
.PEN_UP
.PEN_DOWN
378 29
378 29
378 29
376 29
370 26
365 23
359 22
354 19
340 16
331 14
321 13
309 10
282 4
269 2
257 0
247 0
232 1
227 1
.PEN_UP
.SEGMENT CHARACTER 21-22 ? "K"
.PEN_DOWN
275 32
275 35
274 37
274 38
271 38
268 38
266 35
262 30
259 23
256 10
251 -4
247 -21
241 -54
239 -70
239 -85
239 -99
239 -111
241 -125
241 -136
241 -147
241 -156
239 -161
239 -162
.PEN_UP
.PEN_DOWN
348 21
348 19
346 15
342 11
331 -1
325 -9
319 -17
313 -26
300 -45
295 -54
289 -64
283 -71
277 -79
269 -87
262 -93
258 -98
253 -103
251 -103
250 -104
250 -104
256 -106
260 -107
265 -107
272 -110
287 -118
293 -123
300 -128
308 -132
323 -140
331 -143
338 -146
.PEN_UP
.SEGMENT CHARACTER 23 ? "L"
.PEN_DOWN
257 5
257 5
257 5
255 4
255 1
252 -4
248 -12
243 -20
238 -30
231 -42
225 -54
218 -68
206 -93
202 -103
199 -112
197 -119
195 -126
195 -132
195 -136
195 -140
197 -141
203 -139
208 -137
215 -132
225 -127
238 -120
267 -105
281 -98
294 -95
306 -94
323 -98
330 -102
335 -109
.PEN_UP
.SEGMENT CHARACTER 24 ? "M"
.PEN_DOWN
220 -154
220 -154
220 -153
220 -153
220 -153
220 -153
219 -151
219 -147
219 -136
221 -127
224 -119
227 -109
229 -98
234 -86
236 -71
239 -56
242 -30
244 -20
244 -10
246 -2
246 6
246 13
248 18
248 21
248 18
245 13
243 4
241 -6
241 -19
242 -34
245 -48
252 -61
264 -80
271 -87
276 -93
280 -97
287 -101
288 -100
291 -100
294 -98
301 -91
304 -85
310 -77
313 -69
319 -60
326 -47
332 -36
341 -25
346 -16
350 -10
356 -3
359 3
365 7
365 11
365 10
363 7
361 3
359 -4
353 -16
349 -29
345 -44
342 -71
342 -82
342 -91
344 -98
.PEN_UP
.SEGMENT CHARACTER 25 ? "N"
.PEN_DOWN
246 -140
246 -139
246 -140
246 -139
244 -136
242 -132
242 -129
240 -124
240 -117
240 -108
240 -99
240 -88
242 -71
244 -63
245 -56
247 -48
249 -41
251 -33
255 -25
258 -20
263 -12
265 -14
266 -15
268 -21
271 -42
271 -57
271 -73
273 -88
279 -117
283 -128
290 -136
297 -140
304 -143
313 -143
319 -141
326 -137
331 -130
334 -121
343 -101
346 -92
350 -81
352 -71
354 -60
354 -47
354 -36
356 -26
356 -13
356 -10
.PEN_UP
.SEGMENT CHARACTER 26 ? "O"
.PEN_DOWN
328 14
328 18
328 20
329 23
326 25
322 23
317 22
310 17
290 -2
279 -15
268 -30
259 -45
244 -74
240 -85
240 -92
243 -98
257 -106
267 -107
278 -107
290 -107
303 -107
319 -104
333 -101
349 -99
367 -88
373 -81
375 -74
377 -65
377 -56
372 -41
366 -24
358 -8
342 15
.PEN_UP
.SEGMENT CHARACTER 27-28 ? "P"
.PEN_DOWN
262 -5
262 -5
262 -5
262 -5
262 -5
262 -5
262 -3
262 -2
267 -2
267 -2
268 -5
267 -9
266 -26
265 -39
262 -54
259 -71
257 -87
254 -106
254 -125
252 -141
252 -167
255 -174
258 -180
263 -181
.PEN_UP
.PEN_DOWN
200 -17
196 -17
194 -14
192 -14
192 -12
193 -10
195 -8
199 -6
203 -4
208 -3
213 -2
216 0
223 -1
226 -1
229 -1
231 -2
233 -2
234 -2
234 -2
234 -2
234 -2
234 -2
234 -2
234 -2
234 -3
233 -3
233 -3
233 -4
233 -4
231 -7
231 -7
231 -7
231 -7
233 -7
235 -7
237 -5
239 -5
241 -5
241 -5
241 -5
241 -5
241 -5
243 -5
243 -5
243 -5
243 -4
243 -4
243 -2
243 -1
243 -1
241 -1
241 -1
243 0
243 1
243 1
243 1
243 1
243 1
243 2
243 2
243 2
243 2
243 2
243 2
243 2
243 2
243 2
243 2
246 4
246 4
248 5
250 5
251 6
252 6
251 7
251 7
254 6
254 6
257 6
257 8
259 8
259 8
259 8
259 9
259 11
260 11
260 11
260 11
260 13
260 13
262 13
262 11
262 11
260 10
260 10
260 11
261 11
261 11
261 11
261 11
261 11
261 11
261 11
261 11
261 11
261 11
261 12
261 14
261 14
261 14
263 15
265 16
267 18
271 20
281 22
285 23
289 23
294 23
305 23
313 21
319 21
326 19
342 18
350 18
357 18
362 17
369 12
371 8
373 0
375 -8
375 -25
375 -32
372 -39
368 -45
353 -56
343 -62
330 -67
316 -73
292 -83
283 -88
274 -92
268 -94
262 -97
.PEN_UP
.SEGMENT CHARACTER 29-30 ? "Q"
.PEN_DOWN
327 21
332 28
337 34
340 40
342 51
342 56
341 60
341 63
337 67
333 67
327 64
319 60
295 44
281 33
268 21
255 8
242 -6
230 -23
218 -41
211 -59
211 -86
220 -94
233 -99
250 -102
292 -103
312 -102
332 -99
351 -93
381 -77
392 -69
400 -59
404 -49
407 -39
403 -25
397 -13
390 0
.PEN_UP
.PEN_DOWN
286 -99
286 -99
288 -101
288 -101
294 -104
297 -107
302 -108
306 -110
311 -113
317 -115
325 -119
332 -124
343 -136
347 -141
352 -148
356 -152
.PEN_UP
.SEGMENT CHARACTER 31 ? "R"
.PEN_DOWN
289 -3
289 0
289 3
289 5
289 8
290 8
290 6
290 6
287 4
285 2
285 0
282 -2
282 -7
282 -16
278 -26
276 -40
273 -55
270 -74
267 -95
265 -115
262 -147
260 -157
258 -166
258 -172
256 -178
255 -178
255 -175
255 -172
255 -167
255 -156
255 -143
259 -127
265 -95
269 -80
271 -67
274 -52
277 -39
281 -25
285 -10
292 1
301 21
306 27
309 33
315 38
324 43
329 44
332 43
337 41
341 37
346 29
349 22
353 14
357 5
360 -1
363 -8
365 -15
365 -19
362 -28
357 -32
351 -37
344 -41
329 -52
320 -59
310 -65
302 -71
289 -80
285 -83
282 -86
280 -87
278 -87
278 -87
278 -87
280 -91
280 -92
282 -93
286 -93
293 -95
298 -95
303 -95
308 -94
316 -94
322 -94
327 -96
336 -101
339 -108
341 -116
341 -126
339 -136
336 -147
333 -157
333 -164
333 -170
339 -171
344 -171
347 -171
.PEN_UP
.SEGMENT CHARACTER 32 ? "S"
.PEN_DOWN
376 1
379 5
379 6
379 7
380 9
379 12
379 15
375 18
369 19
364 19
346 18
338 16
327 13
316 9
305 5
289 -2
274 -9
261 -16
241 -26
234 -32
229 -36
227 -42
230 -49
236 -50
245 -52
257 -53
271 -54
290 -57
311 -58
332 -62
355 -66
370 -69
387 -75
399 -79
407 -84
411 -94
407 -100
401 -105
395 -108
389 -112
379 -115
368 -118
357 -121
332 -123
322 -123
311 -123
303 -122
.PEN_UP
.SEGMENT CHARACTER 33-34 ? "T"
.PEN_DOWN
348 -20
348 -16
348 -14
348 -11
348 -11
348 -13
344 -16
342 -23
331 -42
327 -54
321 -67
318 -81
315 -93
312 -109
310 -122
307 -133
307 -144
.PEN_UP
.PEN_DOWN
423 15
419 17
414 20
407 22
387 27
374 29
363 30
352 31
339 31
325 31
311 31
297 30
279 28
272 26
267 24
263 21
.PEN_UP
.SEGMENT CHARACTER 35 ? "U"
.PEN_DOWN
269 -15
269 -12
269 -9
269 -6
269 -3
268 0
268 3
268 3
265 0
265 -3
261 -9
260 -18
258 -41
259 -53
262 -65
268 -77
288 -99
298 -108
308 -117
316 -124
327 -132
332 -135
336 -136
338 -137
340 -137
343 -132
346 -126
349 -117
359 -93
365 -78
372 -62
378 -46
390 -16
394 -4
396 7
396 16
396 32
396 38
396 43
394 45
393 47
390 47
388 43
388 40
386 35
387 29
387 25
385 19
387 10
389 7
392 4
394 1
398 -2
399 -2
399 -2
399 -2
399 -4
399 -6
399 -7
399 -11
398 -20
395 -27
394 -32
394 -40
394 -53
394 -59
394 -66
394 -73
394 -88
394 -95
394 -103
395 -109
397 -116
397 -118
399 -117
401 -117
404 -112
404 -111
404 -109
406 -107
406 -106
406 -106
.PEN_UP
.SEGMENT CHARACTER 36 ? "V"
.PEN_DOWN
195 229
195 231
195 232
193 236
192 240
192 241
192 242
192 242
189 242
186 237
183 234
181 230
178 225
175 216
175 211
175 205
177 199
179 191
183 181
187 171
190 159
194 147
198 132
199 118
199 103
199 80
199 73
202 68
206 67
209 68
217 74
225 85
233 99
252 132
258 147
263 163
267 178
270 192
272 208
274 220
276 231
279 245
280 250
283 251
.PEN_UP
.SEGMENT CHARACTER 37 ? "W"
.PEN_DOWN
156 184
156 187
156 190
156 193
156 196
158 198
158 201
155 201
155 201
154 199
151 195
149 190
147 184
145 177
145 170
147 162
147 153
151 143
155 132
158 122
164 101
164 92
164 84
163 77
160 66
160 62
159 62
159 62
160 64
163 73
167 82
171 96
177 111
183 126
188 141
191 155
196 175
196 180
198 184
198 187
198 189
198 192
198 192
197 192
198 189
200 186
204 183
208 179
219 169
224 164
231 158
235 150
242 134
243 125
244 117
246 109
246 95
246 89
247 83
249 80
249 78
252 78
253 80
255 84
258 89
263 100
266 111
271 123
275 138
277 155
281 171
284 187
288 211
288 220
289 227
287 233
287 239
290 244
292 248
299 256
299 259
.PEN_UP
.SEGMENT CHARACTER 38-39 ? "X"
.PEN_DOWN
221 201
221 205
218 210
215 213
213 217
211 220
210 223
208 226
208 227
208 227
209 227
211 224
217 213
220 205
222 195
226 184
237 162
246 153
254 144
262 137
270 131
277 125
283 121
288 116
291 112
293 104
.PEN_UP
.PEN_DOWN
313 237
309 237
302 233
293 228
284 220
269 206
255 193
243 178
222 149
216 134
208 121
203 108
193 87
.PEN_UP
.SEGMENT CHARACTER 40-41 ? "Y"
.PEN_DOWN
221 299
218 302
215 304
214 304
212 304
211 302
208 300
205 297
203 293
203 290
201 288
201 285
205 279
206 275
206 272
206 267
207 257
207 251
206 245
206 239
206 232
209 220
210 215
213 208
218 202
230 194
237 192
244 191
250 191
258 192
266 198
274 203
283 211
290 218
296 226
302 232
305 238
308 245
306 248
306 250
306 254
308 258
313 266
315 274
321 282
328 298
331 304
331 307
332 307
331 305
328 303
326 299
325 295
323 291
322 286
320 282
319 278
319 273
317 272
317 272
317 272
316 272
316 272
316 272
316 272
316 272
316 272
316 272
316 272
316 272
.PEN_UP
.PEN_DOWN
255 169
255 171
254 172
254 172
254 173
254 173
254 173
254 173
254 169
254 166
255 161
255 157
255 143
253 134
251 125
247 116
245 105
244 95
242 84
242 74
.PEN_UP
.SEGMENT CHARACTER 42-43 ? "Z"
.PEN_DOWN
184 239
184 240
184 242
186 242
187 242
189 243
190 243
192 245
195 246
197 246
200 248
204 250
217 255
227 257
237 262
248 267
260 272
276 281
293 288
310 293
333 296
340 294
344 290
345 286
342 271
337 263
332 254
325 246
312 233
305 227
299 223
293 218
283 207
277 200
270 191
260 182
249 169
233 148
215 128
200 106
177 71
172 58
168 48
166 42
166 36
170 35
176 35
185 40
205 52
216 60
228 67
239 77
251 85
265 93
278 99
291 103
307 105
312 102
313 98
315 93
.PEN_UP
.PEN_DOWN
186 117
186 117
184 118
184 118
189 122
194 123
198 124
204 127
208 129
218 131
229 136
242 140
271 148
282 149
292 149
.PEN_UP
.SEGMENT CHARACTER 44 ? "a"
.PEN_DOWN
274 125
276 129
278 132
281 134
284 138
282 138
281 139
277 138
273 135
266 131
257 125
248 118
227 98
218 87
209 76
202 68
195 60
190 52
188 46
188 40
191 36
195 34
203 32
214 32
223 33
232 35
240 39
247 45
253 50
261 64
264 69
267 76
269 81
272 87
273 95
275 101
278 108
279 113
282 115
282 115
282 113
282 109
282 105
281 95
280 84
277 74
277 55
279 49
283 44
287 42
295 36
299 34
.PEN_UP
.SEGMENT CHARACTER 45 ? "b"
.PEN_DOWN
240 162
240 166
240 169
240 173
242 180
242 184
242 188
242 190
242 192
240 192
240 192
235 191
226 182
222 177
219 171
216 164
213 150
213 141
216 134
218 128
224 115
227 109
229 103
231 97
231 86
231 81
228 76
226 72
224 65
219 57
218 54
215 52
215 51
215 51
218 53
223 58
228 62
235 68
241 73
243 81
245 89
248 102
249 108
252 112
252 116
258 121
260 123
262 125
266 126
274 126
279 126
285 124
291 123
299 120
309 114
314 109
320 100
320 85
320 79
317 74
315 70
307 62
301 60
295 57
289 56
283 54
276 51
270 49
264 48
.PEN_UP
.SEGMENT CHARACTER 46 ? "c"
.PEN_DOWN
302 133
302 136
304 138
306 142
306 146
306 148
304 148
301 148
298 147
291 144
283 138
274 134
258 118
250 110
244 100
239 91
235 83
235 74
238 67
241 59
252 49
258 46
266 43
275 43
284 43
297 47
.PEN_UP
.SEGMENT CHARACTER 47 ? "d"
.PEN_DOWN
322 206
320 208
320 210
317 214
315 218
315 219
315 219
315 219
315 219
315 216
315 211
313 203
313 183
312 173
311 161
308 150
308 126
307 115
307 106
307 97
307 84
307 79
307 74
307 71
307 69
309 69
310 69
311 71
315 78
317 81
320 85
320 89
320 98
319 102
316 107
313 111
304 119
299 123
292 125
286 128
280 129
271 128
263 125
254 120
239 108
232 101
227 94
224 87
222 76
224 72
228 67
234 64
249 63
256 63
265 63
272 64
282 66
.PEN_UP
.SEGMENT CHARACTER 48 ? "e"
.PEN_DOWN
221 90
221 90
221 92
222 92
222 95
224 96
224 97
228 97
233 102
236 103
240 103
246 105
252 106
263 108
274 111
285 113
295 116
303 121
309 127
317 133
323 139
327 145
330 151
330 157
330 161
326 163
320 163
314 163
296 156
287 148
277 140
267 129
247 106
239 95
233 84
229 76
227 67
231 58
238 52
248 47
275 42
292 39
.PEN_UP
.SEGMENT CHARACTER 49-50 ? "f"
.PEN_DOWN
247 40
244 34
244 29
242 23
242 20
242 20
244 19
246 21
249 30
249 36
251 43
251 51
251 59
250 70
246 82
245 93
239 115
239 124
239 135
239 145
248 169
252 181
257 191
264 201
268 209
277 221
280 224
283 226
286 226
286 226
290 225
294 221
297 217
.PEN_UP
.PEN_DOWN
283 85
281 85
278 84
275 84
268 82
261 82
255 82
248 82
242 82
235 80
226 79
219 75
.PEN_UP
.SEGMENT CHARACTER 51 ? "g"
.PEN_DOWN
287 94
290 98
290 101
289 104
286 111
284 115
282 117
279 120
276 121
272 120
265 120
258 114
248 108
237 99
227 87
218 77
207 58
207 51
210 45
217 41
236 34
246 33
255 33
263 34
271 36
279 39
286 43
293 46
300 52
300 55
301 58
301 61
301 66
301 70
301 72
301 73
304 75
305 74
305 74
305 71
305 62
305 56
305 50
305 45
305 34
305 27
305 21
305 14
305 -1
304 -11
304 -19
304 -28
304 -43
304 -49
304 -54
306 -59
304 -68
302 -71
299 -75
297 -77
.PEN_UP
.SEGMENT CHARACTER 52 ? "h"
.PEN_DOWN
249 200
249 203
247 203
245 205
243 205
241 205
241 205
239 205
237 205
237 204
235 203
236 200
237 196
237 190
241 182
241 173
241 163
240 150
237 139
234 126
230 105
230 97
228 89
228 82
226 77
226 74
226 72
226 72
231 78
233 84
236 91
241 100
252 117
257 126
262 135
267 141
276 155
280 160
283 165
286 168
292 171
293 172
294 170
297 168
297 165
300 159
300 153
300 144
300 128
301 120
302 112
303 104
306 90
307 83
307 76
311 70
.PEN_UP
.SEGMENT CHARACTER 53-54 ? "i"
.PEN_DOWN
311 35
311 35
311 36
311 36
313 36
313 36
313 36
313 36
309 33
305 32
302 32
301 31
301 31
301 31
301 33
301 35
301 39
301 44
301 53
302 64
302 75
303 97
302 105
301 113
301 119
301 126
301 133
303 136
.PEN_UP
.PEN_DOWN
299 168
299 168
301 168
300 170
297 171
295 173
291 176
290 178
.PEN_UP
.SEGMENT CHARACTER 55-56 ? "j"
.PEN_DOWN
339 171
339 174
337 177
337 179
334 182
331 183
331 185
328 185
328 185
328 183
326 179
323 175
321 168
320 156
316 144
316 131
314 106
316 94
318 81
320 69
323 57
325 43
325 31
323 19
316 4
313 -2
310 -4
306 -5
302 -5
295 -1
286 0
277 4
261 11
255 16
250 21
247 29
247 44
249 53
.PEN_UP
.PEN_DOWN
347 236
345 237
343 236
340 236
333 234
328 234
326 234
323 233
318 231
316 228
.PEN_UP
.SEGMENT CHARACTER 57-60 ? "k"
.PEN_DOWN
307 160
307 161
306 162
304 164
304 164
304 167
304 169
304 172
307 179
309 183
309 186
309 189
309 191
309 191
309 190
308 186
303 171
300 161
300 150
298 138
298 114
298 102
300 90
303 79
303 57
303 46
301 35
299 26
297 20
295 16
.PEN_UP
.PEN_DOWN
366 150
366 153
367 157
369 159
369 161
369 162
369 160
369 160
361 152
355 148
351 142
348 136
343 130
339 120
332 112
325 103
312 89
307 83
302 79
300 76
296 73
296 73
296 71
298 70
303 67
307 66
312 64
316 63
325 58
329 56
334 54
341 53
352 53
356 53
362 53
367 52
372 51
377 49
.PEN_UP
.PEN_DOWN
274 117
274 118
274 118
272 118
272 118
271 118
271 119
271 119
271 122
272 123
272 123
272 123
272 125
272 126
272 128
272 128
272 128
273 127
273 129
275 130
275 134
275 135
275 137
275 138
275 139
274 141
274 142
273 144
273 146
274 147
273 149
273 151
273 157
275 159
275 161
275 162
277 162
277 163
279 163
279 165
277 167
277 167
277 169
277 171
277 171
277 174
277 175
277 177
281 182
283 185
283 189
286 191
287 196
287 197
287 199
287 200
287 200
286 201
285 201
285 201
284 201
284 202
284 204
284 205
287 210
287 213
288 215
289 217
289 222
289 224
289 226
289 227
291 231
291 231
291 233
291 233
290 235
290 235
290 237
290 238
292 239
292 241
292 241
292 244
292 246
292 247
292 248
292 248
292 250
292 250
292 250
290 252
288 253
287 255
287 255
287 255
287 255
290 254
290 254
290 254
290 254
288 254
288 254
289 255
289 255
289 255
289 254
289 254
292 254
292 254
294 254
.PEN_UP
.SEGMENT CHARACTER 59 ? "l"
.PEN_DOWN
299 156
300 157
300 160
300 161
300 165
300 165
300 166
299 166
295 162
292 159
290 152
285 146
278 127
275 117
275 108
275 98
278 87
282 75
286 61
290 48
292 24
292 15
.PEN_UP
.SEGMENT CHARACTER 61 ? "m"
.PEN_DOWN
209 110
209 110
212 113
212 115
212 118
215 123
215 125
218 126
219 128
219 129
223 131
223 131
224 131
228 133
228 133
235 133
238 130
241 127
245 122
252 112
255 106
256 98
258 90
258 73
252 63
247 52
243 42
234 24
231 17
231 12
227 8
226 6
226 5
225 5
226 5
226 10
230 14
234 20
241 29
252 48
259 59
265 71
273 82
285 102
291 111
294 119
299 125
304 131
309 139
311 139
313 141
313 140
313 133
311 126
308 117
306 107
300 83
299 72
297 62
296 54
296 39
296 32
296 27
294 24
294 22
294 22
293 22
295 24
300 33
304 40
310 49
317 59
331 78
337 87
343 95
354 110
358 117
362 123
367 129
375 136
378 139
381 142
381 143
385 143
385 142
385 137
383 133
377 117
376 108
373 97
371 85
367 64
366 55
368 47
370 40
377 30
380 26
381 22
.PEN_UP
.SEGMENT CHARACTER 62 ? "n"
.PEN_DOWN
237 -17
237 -17
237 -19
237 -19
236 -19
236 -19
236 -20
236 -20
236 -19
236 -19
236 -19
236 -17
234 -15
234 -9
234 -1
236 8
241 28
242 37
244 46
247 54
250 72
250 80
250 88
250 95
250 101
249 108
248 113
246 117
241 120
239 120
239 120
240 120
239 117
239 114
237 110
236 106
237 95
237 89
237 83
238 77
240 71
242 66
245 59
247 54
247 45
244 43
244 40
244 39
244 39
246 39
246 41
246 44
248 48
253 57
258 66
266 76
271 86
276 95
280 102
283 110
287 115
289 118
291 122
293 125
295 127
299 130
299 130
301 132
304 132
311 131
313 129
317 128
320 125
328 120
332 115
336 112
338 106
343 93
345 87
347 80
348 74
348 60
350 52
351 45
351 36
.PEN_UP
.SEGMENT CHARACTER 63 ? "o"
.PEN_DOWN
332 132
335 133
337 135
339 138
342 144
344 147
344 148
344 149
341 149
336 149
330 145
322 140
302 124
291 114
280 104
270 93
264 83
259 73
258 65
260 59
274 50
285 48
299 46
314 46
327 48
342 51
354 57
365 63
377 75
378 81
378 88
376 94
374 101
369 109
365 116
360 122
355 126
355 129
355 131
.PEN_UP
.SEGMENT CHARACTER 64 ? "p"
.PEN_DOWN
267 57
267 61
267 63
267 65
267 68
267 70
267 70
267 71
266 69
266 67
263 62
260 52
258 43
255 30
254 18
254 7
252 -6
254 -18
255 -29
258 -48
260 -56
261 -63
262 -70
262 -78
262 -83
262 -84
262 -85
263 -87
263 -86
263 -86
266 -81
273 -69
277 -60
282 -50
284 -38
289 -13
291 0
291 13
291 23
291 34
291 44
290 52
288 61
284 68
281 73
280 78
280 83
280 89
284 95
286 103
289 109
296 120
300 123
304 125
309 127
313 129
319 129
325 127
330 123
341 111
345 103
351 93
354 85
361 68
362 61
362 55
362 50
362 46
360 42
360 38
357 35
353 30
351 27
346 23
339 18
332 14
316 7
311 5
305 3
300 0
.PEN_UP
.SEGMENT CHARACTER 65-66 ? "q"
.PEN_DOWN
231 272
233 274
235 275
235 278
236 281
236 284
234 289
232 291
231 293
228 295
222 296
217 296
209 296
200 294
190 289
181 284
164 271
156 264
149 257
141 250
135 242
133 235
133 229
139 224
158 222
173 224
188 227
202 230
215 235
227 242
238 249
245 256
251 263
255 266
255 271
257 274
256 279
256 279
256 279
256 281
254 281
253 279
249 276
247 274
240 269
237 266
235 264
232 262
232 261
232 261
232 261
233 261
235 263
237 263
237 265
237 267
237 269
237 269
237 269
237 269
237 270
237 270
237 270
237 270
237 270
239 270
241 270
.PEN_UP
.PEN_DOWN
236 230
234 229
232 228
230 225
228 225
224 224
222 224
219 222
217 221
217 219
217 218
217 218
217 215
217 215
217 215
220 213
220 213
220 210
218 210
215 208
212 205
212 202
208 199
210 195
210 193
211 190
211 188
211 184
213 180
213 173
211 165
205 142
199 131
195 117
191 104
186 91
182 73
179 57
176 42
179 23
184 20
191 21
201 26
215 34
232 44
248 53
.PEN_UP
.SEGMENT CHARACTER 67 ? "r"
.PEN_DOWN
168 182
168 181
168 179
166 176
163 171
161 169
161 167
160 167
160 167
160 166
160 166
161 166
161 166
165 170
168 173
170 176
174 180
174 184
175 189
175 194
178 207
178 214
180 222
180 231
180 248
180 258
178 267
177 276
174 292
172 298
172 303
168 308
166 310
166 310
162 310
158 308
155 303
151 296
151 286
151 277
156 257
159 248
164 239
168 232
171 226
174 221
176 219
178 216
178 216
178 218
178 221
180 224
184 236
187 244
190 254
194 263
204 281
208 290
211 297
219 308
221 312
226 315
228 318
234 320
237 320
239 320
244 318
.PEN_UP
.SEGMENT CHARACTER 68 ? "s"
.PEN_DOWN
295 308
295 309
295 311
295 313
291 317
291 320
288 321
287 323
285 323
282 326
279 327
276 328
273 328
269 331
263 331
254 331
243 331
234 328
224 325
214 323
205 320
193 316
190 314
188 312
186 308
183 307
179 305
174 298
172 293
172 288
172 283
172 280
178 277
184 273
191 272
200 270
207 270
217 273
229 273
242 276
254 276
265 275
275 272
283 266
289 250
288 241
285 231
281 222
276 215
267 209
256 204
247 201
236 198
222 198
215 201
209 205
204 208
198 213
196 215
194 216
.PEN_UP
.SEGMENT CHARACTER 69-70 ? "t"
.PEN_DOWN
247 341
248 347
248 350
250 354
248 359
245 360
243 360
240 360
236 356
230 351
224 345
218 337
212 328
206 318
200 304
194 290
190 276
188 262
190 251
193 243
199 235
206 229
213 225
223 220
241 220
252 224
263 228
276 233
291 239
303 244
316 247
321 249
.PEN_UP
.PEN_DOWN
163 278
158 281
156 284
154 288
152 292
155 297
157 304
162 311
168 318
177 323
188 325
200 329
216 331
235 333
256 336
276 337
295 337
.PEN_UP
.SEGMENT CHARACTER 71 ? "u"
.PEN_DOWN
241 282
241 285
239 288
239 291
239 293
236 295
236 297
236 298
235 298
235 298
235 300
235 300
232 296
231 293
227 288
222 280
216 271
203 248
197 236
194 225
192 214
196 201
202 195
209 193
218 190
226 188
235 188
246 188
254 189
271 199
279 207
287 217
294 228
301 241
308 258
312 272
317 286
320 298
323 313
323 318
323 323
326 327
326 330
328 332
328 332
328 331
325 327
324 320
322 312
318 303
316 292
314 279
313 271
313 262
313 248
313 241
313 234
313 228
313 222
313 216
313 211
315 208
318 204
.PEN_UP
.SEGMENT CHARACTER 72 ? "v"
.PEN_DOWN
232 309
232 312
232 315
233 319
233 325
232 326
231 326
229 326
229 324
229 321
227 319
227 314
227 309
227 299
230 288
233 277
236 265
238 254
238 245
239 235
239 223
239 218
240 215
240 212
242 210
245 211
251 214
256 220
269 238
275 249
282 262
289 278
296 293
305 314
311 332
318 348
323 362
325 370
326 374
326 376
.PEN_UP
.SEGMENT CHARACTER 73 ? "w"
.PEN_DOWN
190 305
190 307
192 308
192 312
196 316
196 318
196 319
196 320
194 320
194 320
193 320
191 319
190 318
187 316
187 312
184 308
184 297
184 289
184 282
184 273
184 263
186 254
188 244
191 236
193 228
195 222
196 216
196 212
198 207
196 206
196 206
196 206
202 217
206 224
211 232
218 241
225 252
232 265
239 277
242 288
242 297
242 301
242 303
241 303
241 300
238 295
235 289
231 281
228 272
227 256
227 248
231 242
233 237
238 232
244 229
250 226
258 222
264 221
270 221
277 221
282 225
287 228
294 236
296 239
298 244
298 249
298 261
298 269
296 276
296 282
293 288
293 294
291 300
290 305
290 309
.PEN_UP
.SEGMENT CHARACTER 74-75 ? "x"
.PEN_DOWN
226 263
226 268
226 272
226 275
228 278
228 280
228 280
228 283
228 281
228 280
230 277
232 274
235 271
240 265
247 261
258 256
276 246
283 241
288 235
293 228
295 222
297 212
299 203
299 196
299 188
.PEN_UP
.PEN_DOWN
295 279
292 276
289 276
286 275
279 269
275 265
269 259
264 250
257 242
247 228
240 214
231 202
.PEN_UP
.SEGMENT CHARACTER 76 ? "y"
.PEN_DOWN
232 277
232 278
231 280
230 282
229 283
226 285
224 285
222 285
218 283
215 277
214 272
212 265
209 256
204 240
204 232
204 223
207 217
210 212
218 206
225 204
232 201
246 197
251 195
256 196
260 199
270 209
277 218
283 227
289 237
296 248
301 258
307 267
309 276
314 284
314 284
314 284
312 281
310 277
306 268
301 257
297 246
290 221
290 212
290 200
292 192
292 174
292 166
292 156
293 147
293 137
294 126
294 116
296 107
.PEN_UP
.SEGMENT CHARACTER 77 ? "z"
.PEN_DOWN
213 276
213 276
213 275
213 275
213 275
213 272
211 272
209 269
209 267
209 267
209 265
212 263
212 263
222 263
224 265
231 268
235 271
241 274
250 278
259 282
269 286
286 292
295 295
304 297
312 297
317 299
321 297
323 297
323 294
323 290
321 286
318 282
312 277
306 272
295 266
283 259
273 253
261 245
250 237
241 229
231 220
224 212
219 206
215 201
215 197
219 194
224 194
231 194
240 196
251 198
265 202
281 204
294 207
307 209
320 209
330 212
.PEN_UP
.SEGMENT CHARACTER 78 ? "0"
.PEN_DOWN
303 343
303 344
303 345
302 347
300 349
300 349
298 350
297 350
297 352
297 354
297 356
298 359
298 361
302 363
302 363
299 363
296 360
290 356
279 348
268 336
254 325
232 298
223 286
217 273
214 262
214 250
223 239
235 231
249 223
266 219
285 219
302 222
318 228
340 242
347 252
351 262
354 274
355 287
355 304
353 321
351 336
346 349
337 362
330 365
325 365
322 367
.PEN_UP
.SEGMENT CHARACTER 79 ? "1"
.PEN_DOWN
273 360
273 362
273 363
273 365
273 365
271 365
271 365
269 363
268 361
268 358
265 353
266 346
266 340
268 332
270 319
270 308
270 293
267 274
264 255
260 235
258 218
258 202
258 191
258 181
.PEN_UP
.SEGMENT CHARACTER 80 ? "2"
.PEN_DOWN
245 306
245 308
245 310
245 313
243 318
243 321
243 323
245 326
247 328
252 331
257 333
266 335
284 339
294 340
304 340
315 340
334 333
340 329
344 323
346 317
346 303
345 297
343 291
339 286
329 278
324 272
318 266
311 259
294 244
286 238
278 230
270 224
253 213
246 208
240 204
236 200
232 196
232 196
232 195
236 195
250 201
258 204
267 209
277 212
300 220
309 223
320 223
330 226
348 224
354 222
359 218
362 212
.PEN_UP
.SEGMENT CHARACTER 81 ? "3"
.PEN_DOWN
234 306
236 310
239 315
241 318
243 326
243 329
243 331
246 334
250 340
253 343
257 345
263 348
279 354
289 355
299 357
309 357
320 357
331 355
340 350
347 343
350 333
349 323
349 314
344 306
337 296
331 292
326 289
319 287
312 284
303 283
294 280
286 280
280 280
277 282
279 284
279 286
281 288
287 288
291 289
295 289
302 289
311 283
316 280
322 274
328 267
332 257
338 244
342 232
346 219
349 209
349 201
347 194
344 189
331 182
322 181
313 181
304 181
285 184
277 185
269 186
264 188
258 195
.PEN_UP
.SEGMENT CHARACTER 82-83 ? "4"
.PEN_DOWN
344 339
346 341
347 342
350 345
350 347
350 347
350 349
345 349
336 341
330 334
323 325
315 317
305 307
292 296
278 284
265 272
245 255
239 250
235 245
233 242
233 238
235 238
239 238
246 241
265 251
276 256
288 260
300 263
324 266
334 267
345 267
353 267
358 265
364 262
367 262
369 260
371 258
.PEN_UP
.PEN_DOWN
342 329
342 331
342 333
344 336
344 336
344 337
346 335
346 333
346 329
346 321
344 312
344 301
344 275
344 262
346 249
346 238
347 219
345 210
345 201
342 190
336 168
.PEN_UP
.SEGMENT CHARACTER 84 ? "5"
.PEN_DOWN
363 341
363 342
363 344
364 345
366 348
366 348
366 349
364 349
363 349
356 349
348 345
339 340
325 335
316 331
306 326
297 322
282 314
276 312
270 309
265 307
263 304
261 302
259 302
261 301
261 301
265 300
269 298
273 296
284 291
289 289
298 285
307 283
316 280
329 276
337 273
345 268
353 262
353 257
353 253
349 246
339 232
330 224
322 218
314 211
299 202
293 199
287 196
280 195
274 194
272 194
270 194
269 192
269 192
.PEN_UP
.SEGMENT CHARACTER 85 ? "6"
.PEN_DOWN
299 369
299 369
299 371
297 371
297 371
297 373
296 373
296 372
289 367
286 365
282 362
279 358
274 353
268 343
262 331
255 316
248 300
243 281
236 264
231 248
229 225
233 217
239 210
248 204
269 196
280 194
291 193
300 194
316 198
323 201
331 205
336 210
341 216
344 224
344 232
344 240
337 252
331 255
324 256
318 256
309 251
301 247
290 240
279 231
271 226
263 220
261 215
.PEN_UP
.SEGMENT CHARACTER 86-87 ? "7"
.PEN_DOWN
233 356
235 354
237 356
240 356
240 357
243 360
243 360
243 361
243 363
240 369
240 371
238 373
238 377
240 386
240 391
240 396
242 401
242 406
244 411
244 416
245 420
247 428
248 431
248 432
249 432
251 431
253 430
260 419
263 415
265 415
269 412
273 410
281 407
289 404
299 402
308 400
319 400
328 400
336 401
354 404
360 404
367 405
371 405
375 405
380 407
382 407
386 407
388 407
388 407
392 405
392 406
391 406
391 405
391 402
391 397
388 389
377 364
369 348
361 331
354 315
341 283
337 270
335 258
333 249
333 233
333 228
333 224
335 220
.PEN_UP
.PEN_DOWN
398 300
396 299
393 299
389 299
374 295
366 295
358 293
349 291
.PEN_UP
.SEGMENT CHARACTER 88 ? "8"
.PEN_DOWN
398 376
398 379
398 381
398 382
395 387
392 389
390 389
386 392
381 392
373 390
363 390
351 386
328 381
319 376
310 373
303 369
296 365
290 360
285 355
280 349
279 338
281 332
285 326
288 320
290 312
295 305
300 297
309 288
331 272
342 266
351 259
359 253
366 247
368 240
369 235
369 231
364 228
359 226
350 224
338 221
325 218
299 211
289 208
281 208
276 209
273 215
273 219
276 224
280 229
295 243
303 251
309 259
317 266
330 278
337 284
343 288
.PEN_UP
.SEGMENT CHARACTER 89 ? "9"
.PEN_DOWN
331 394
333 396
334 397
336 399
338 399
338 401
338 404
338 404
336 411
336 411
334 413
334 413
327 413
322 413
315 410
308 407
297 402
286 394
274 388
264 379
256 373
253 369
250 364
250 359
251 352
254 349
259 346
266 341
283 337
292 337
302 337
311 340
327 345
331 351
336 356
339 362
342 367
346 372
346 376
348 381
348 384
348 384
348 381
348 375
348 366
346 346
343 328
339 308
335 287
332 274
330 259
328 243
325 229
325 214
324 202
324 190
.PEN_UP
.SEGMENT CHARACTER 0 ? "."
.SEGMENT CHARACTER 90 ? ","
.PEN_DOWN
231 381
231 381
231 383
231 386
233 389
232 391
232 392
232 394
229 398
229 398
227 398
227 398
227 398
227 398
227 398
227 399
227 399
229 396
232 394
234 390
237 385
239 371
239 363
239 355
237 346
234 337
231 325
226 313
221 302
215 292
208 282
200 273
194 265
186 259
180 256
173 255
.PEN_UP
.SEGMENT CHARACTER 91 ? "/"
.PEN_DOWN
306 596
306 597
306 597
306 600
306 603
306 604
305 604
305 604
305 604
305 605
305 603
305 603
299 597
295 592
292 584
287 575
280 562
270 542
258 520
246 494
235 469
223 445
212 422
204 400
195 382
188 367
183 355
180 347
.PEN_UP
.SEGMENT CHARACTER 92 ? "-"
.PEN_DOWN
176 497
167 494
167 494
167 494
169 494
170 495
174 497
178 497
182 499
189 501
192 502
195 503
199 505
203 506
209 508
214 510
222 512
239 519
250 523
262 528
273 531
292 535
298 535
.PEN_UP
.SEGMENT CHARACTER 93-95 ? ";"
.PEN_DOWN
234 473
234 474
234 476
234 476
234 479
234 480
233 482
233 483
233 485
233 486
233 488
230 488
229 490
229 488
227 488
225 487
223 485
220 485
218 483
218 480
218 474
218 473
221 471
224 471
.PEN_UP
.PEN_DOWN
248 352
248 354
250 356
250 359
250 360
252 362
252 364
249 364
.PEN_UP
.PEN_DOWN
249 372
249 370
249 369
250 368
251 366
254 365
257 363
257 362
259 362
259 360
259 359
262 355
260 349
260 344
260 338
260 331
259 324
257 316
255 308
252 299
244 283
240 273
234 265
225 254
214 244
199 234
181 222
166 212
149 203
135 197
126 192
116 189
110 188
104 190
101 192
.PEN_UP
.SEGMENT CHARACTER 96-97 ? ":"
.PEN_DOWN
268 555
271 560
271 564
273 567
274 570
274 573
274 573
276 573
276 573
277 573
277 573
275 570
275 569
275 564
273 559
275 553
275 543
275 533
275 523
275 515
.PEN_UP
.PEN_DOWN
287 449
287 448
289 449
289 450
289 452
286 454
286 455
282 455
282 455
281 454
280 454
280 454
277 454
277 454
277 454
277 454
.PEN_UP
.SEGMENT CHARACTER 98 ? "A"
.PEN_DOWN
190 411
192 411
193 413
193 416
197 419
202 425
205 432
212 440
218 451
223 460
232 472
239 486
247 501
263 531
272 543
279 555
286 567
291 578
296 589
301 598
305 606
309 612
311 614
311 616
311 615
312 611
312 600
312 585
312 566
308 529
308 512
308 496
310 480
312 466
316 451
319 439
322 430
326 423
327 420
329 420
329 419
329 422
329 426
329 432
329 440
329 445
326 452
324 457
320 463
316 469
309 471
299 475
289 475
267 475
257 474
248 474
234 472
229 471
225 470
.PEN_UP
.SEGMENT CHARACTER 99-100 ? "B"
.PEN_DOWN
239 580
239 581
239 583
237 584
236 584
236 582
236 580
236 577
236 573
237 561
237 555
237 547
239 540
241 532
244 521
245 510
247 499
247 486
243 475
241 462
237 451
234 440
.PEN_UP
.PEN_DOWN
173 589
170 592
167 594
163 595
161 595
159 596
157 598
157 598
161 602
163 602
169 603
175 603
190 607
201 609
215 613
231 616
248 621
269 625
290 629
307 629
332 624
337 618
343 612
344 599
342 591
339 585
334 579
319 567
310 560
300 555
290 550
274 541
268 540
263 540
260 540
258 540
258 542
258 543
261 545
268 551
274 552
279 553
286 551
302 545
310 539
319 532
328 523
343 503
349 493
354 484
357 475
357 462
357 456
357 452
352 447
340 437
331 433
319 430
306 426
292 424
277 422
265 422
253 423
.PEN_UP
.SEGMENT CHARACTER 101 ? "C"
.PEN_DOWN
303 563
308 571
309 577
311 583
311 588
308 591
306 593
301 593
296 591
287 586
276 580
264 571
251 560
240 547
230 534
221 521
212 498
212 488
214 478
219 469
223 461
232 452
242 444
253 438
278 431
289 431
300 433
311 437
322 443
.PEN_UP
.SEGMENT CHARACTER 102-103 ? "D"
.PEN_DOWN
261 606
261 608
263 610
263 612
263 614
263 616
261 616
261 614
261 612
261 607
261 600
261 594
261 587
260 575
259 563
259 549
261 525
264 513
267 504
270 495
274 477
274 470
274 462
274 456
.PEN_UP
.PEN_DOWN
194 603
192 605
188 609
188 614
188 625
191 631
193 636
196 641
205 649
209 651
215 652
223 654
242 652
254 650
268 648
283 645
317 636
332 629
344 622
357 613
374 594
381 584
385 573
388 563
389 542
386 533
383 522
377 509
368 494
357 478
343 464
327 451
313 443
298 438
288 434
279 433
.PEN_UP
.SEGMENT CHARACTER 104-105 ? "E"
.PEN_DOWN
310 583
310 583
310 585
310 586
310 586
310 587
310 587
308 587
305 588
301 587
296 587
289 586
280 583
274 579
265 574
257 567
250 557
240 550
231 541
220 528
216 520
214 514
212 507
212 501
212 496
212 490
212 487
212 482
212 478
212 475
212 469
212 465
212 459
212 452
212 446
213 442
215 440
217 437
220 437
220 436
222 436
225 437
227 438
231 438
235 438
238 438
240 438
245 436
246 434
248 434
251 432
253 429
255 427
255 426
258 426
265 429
270 432
277 434
283 437
299 443
307 444
313 445
319 444
330 442
337 441
342 440
347 438
355 434
355 432
.PEN_UP
.PEN_DOWN
236 460
236 460
237 464
237 465
237 466
239 469
241 470
244 471
246 473
246 473
251 474
254 474
257 474
264 474
271 475
.PEN_UP
.SEGMENT CHARACTER 106-107 ? "F"
.PEN_DOWN
229 364
229 363
229 363
229 362
229 362
229 364
229 365
232 368
235 374
238 379
240 385
242 392
242 400
243 412
243 426
243 439
239 453
234 473
229 483
227 491
226 499
224 507
221 521
221 527
220 531
222 536
222 539
222 541
225 543
225 543
228 543
228 542
228 542
228 541
228 541
230 541
234 542
239 544
246 547
257 552
272 557
286 564
314 573
327 578
339 581
354 583
378 586
389 586
.PEN_UP
.PEN_DOWN
269 456
272 458
275 460
278 461
280 461
280 461
282 461
282 461
282 460
284 460
284 460
286 460
289 463
295 463
303 465
.PEN_UP
.SEGMENT CHARACTER 108 ? "G"
.PEN_DOWN
297 565
299 565
301 566
301 567
301 569
300 572
297 575
295 579
292 582
287 585
282 587
276 587
272 587
269 586
263 582
259 575
253 569
239 547
231 534
222 518
215 503
209 487
206 467
204 451
206 435
215 414
221 407
229 401
237 397
246 394
259 394
272 397
284 401
305 414
311 421
315 428
317 437
317 445
317 454
314 464
310 473
304 480
298 485
293 485
285 488
278 488
268 485
265 483
263 482
261 480
261 476
263 474
266 473
271 473
285 473
294 474
303 476
311 477
328 480
335 480
340 482
346 482
.PEN_UP
.SEGMENT CHARACTER 109-110 ? "H"
.PEN_DOWN
223 553
224 555
224 558
226 560
227 561
228 561
227 561
227 559
227 558
227 552
229 547
229 541
229 532
231 523
233 509
236 493
236 478
236 450
236 440
236 429
233 420
228 405
224 398
222 394
.PEN_UP
.PEN_DOWN
362 586
364 588
366 590
366 591
364 590
361 589
357 583
353 576
348 566
344 552
342 537
340 522
342 494
342 482
345 470
347 459
350 449
352 436
353 425
355 417
355 402
355 399
355 396
356 395
356 396
358 396
360 400
362 406
362 410
362 416
360 428
357 434
352 438
346 442
327 448
317 448
306 449
293 449
277 448
262 450
248 450
231 454
226 454
224 458
.PEN_UP
.SEGMENT CHARACTER 111 ? "I"
.PEN_DOWN
286 344
285 342
286 342
286 343
289 347
293 352
295 358
299 364
303 371
303 375
303 379
301 384
300 388
299 394
296 404
296 414
296 426
296 442
299 457
302 474
305 501
305 512
306 519
306 526
303 536
300 539
297 543
293 545
291 546
288 548
285 548
284 548
281 548
280 546
280 546
278 546
278 546
277 548
279 548
280 549
283 549
289 549
292 548
.PEN_UP
.SEGMENT CHARACTER 112-113 ? "J"
.PEN_DOWN
303 520
307 529
309 538
311 546
313 560
315 566
315 571
313 574
311 581
311 585
310 587
310 589
308 589
308 590
306 592
306 592
306 592
308 590
308 587
310 580
312 573
317 558
323 542
327 523
336 484
336 464
336 446
336 430
331 406
330 399
330 393
326 390
324 388
314 388
307 391
299 396
290 401
282 409
271 420
260 433
251 446
238 464
.PEN_UP
.PEN_DOWN
424 617
424 617
424 617
424 619
418 621
413 623
405 623
395 623
385 623
368 622
350 622
333 619
300 616
286 614
271 613
259 611
246 608
232 604
223 600
212 596
.PEN_UP
.SEGMENT CHARACTER 114-115 ? "K"
.PEN_DOWN
273 565
273 567
273 569
272 571
270 573
270 573
270 573
270 573
270 573
269 571
269 568
265 564
264 551
262 541
261 529
261 515
259 500
257 478
257 456
254 435
250 398
248 384
248 372
248 363
248 357
251 352
251 352
251 351
259 361
265 370
.PEN_UP
.PEN_DOWN
364 533
368 538
371 543
375 545
377 547
380 547
380 547
380 547
375 544
369 537
360 527
348 515
322 486
310 471
299 458
288 447
282 435
276 428
270 421
268 416
265 413
265 414
265 414
266 415
270 417
273 418
277 418
283 416
297 409
305 403
314 397
321 391
336 381
342 375
348 371
355 366
368 359
376 357
.PEN_UP
.SEGMENT CHARACTER 116 ? "L"
.PEN_DOWN
261 500
261 502
261 503
261 506
261 511
264 512
264 514
264 514
266 517
266 518
266 518
268 518
268 520
266 518
265 516
263 509
261 500
254 487
248 473
241 460
233 438
231 431
230 424
231 417
236 407
238 403
240 400
242 398
246 394
246 394
249 394
249 392
251 392
255 392
257 392
261 396
264 396
269 399
276 402
283 406
306 412
317 416
329 418
340 420
349 420
362 417
.PEN_UP
.SEGMENT CHARACTER 117 ? "M"
.PEN_DOWN
248 362
248 362
248 361
247 361
247 361
245 361
245 363
245 366
245 370
245 375
247 384
249 393
252 405
258 429
260 442
262 455
264 467
268 479
271 493
273 506
276 517
276 528
276 534
276 541
274 548
272 553
272 557
272 559
272 560
272 560
270 558
269 551
267 545
267 539
264 533
264 525
264 515
266 504
270 492
274 482
278 473
284 466
287 461
291 456
291 456
293 456
295 459
299 464
307 474
314 486
321 497
328 509
334 518
342 528
349 540
357 550
371 564
377 568
380 570
383 571
386 573
388 573
388 572
388 567
387 551
383 541
380 527
377 515
374 488
372 475
370 463
368 451
368 441
368 429
368 418
368 410
368 398
372 397
.PEN_UP
.SEGMENT CHARACTER 118 ? "N"
.PEN_DOWN
271 428
271 426
271 424
272 422
272 422
271 419
271 417
271 415
269 415
270 414
269 415
269 415
269 415
269 416
269 418
269 420
270 425
272 431
274 439
274 446
281 465
284 475
288 488
290 501
293 515
297 532
299 547
304 561
308 579
308 585
308 589
308 593
308 595
308 595
308 595
306 594
304 584
302 576
299 567
297 555
295 543
294 527
295 511
295 497
304 470
309 459
315 449
321 439
333 425
339 418
344 415
348 414
353 414
358 417
364 420
370 426
383 446
389 459
395 474
400 491
406 510
411 529
415 546
417 570
415 578
415 584
413 591
410 596
410 599
407 604
407 606
405 606
405 606
405 605
.PEN_UP
.SEGMENT CHARACTER 119 ? "O"
.PEN_DOWN
349 586
349 589
349 589
349 590
349 592
346 593
345 594
345 594
342 594
340 594
336 593
330 591
320 585
305 574
291 560
277 545
264 528
256 512
250 499
246 484
246 470
252 457
260 443
270 430
283 420
297 412
311 408
324 407
350 414
360 423
369 434
376 447
382 463
387 483
388 504
390 526
385 562
379 576
375 587
370 596
363 607
360 609
359 609
359 608
.PEN_UP
.SEGMENT CHARACTER 120 ? "P"
.PEN_DOWN
275 578
272 578
267 578
262 578
256 578
250 578
245 580
241 580
239 580
237 579
235 575
230 567
228 558
225 533
225 521
223 507
223 493
223 479
227 461
229 446
232 433
236 422
237 414
237 408
235 402
230 398
230 398
228 398
228 398
228 400
229 405
234 414
238 424
244 435
249 450
253 466
258 482
261 501
263 515
263 532
263 548
263 565
263 592
266 604
268 613
271 622
275 629
279 636
282 641
287 645
292 645
298 641
305 635
312 627
331 607
341 595
350 582
355 569
358 541
356 531
354 523
351 516
349 512
342 507
334 501
322 496
290 489
275 488
262 486
254 486
246 484
242 484
240 484
.PEN_UP
