.VERSION 1.0
.INCLUDE 	       ncr.doc

.COMMENT               ############
                       ### DATA ###
                       ############
.DATE                  07 16 1993
.WRITER_ID             lzbthwht
.HAND                  R
.SKILL                 ?
.STYLE                 PRINTED
.WRITER_INFO           First name: elizabeth
                       Last name: whitaker
.COMMENT               In this database, segments are letters.

.SEGMENT CHARACTER 0-1 ? "A"
.PEN_DOWN
197 145
197 145
197 143
197 143
196 139
196 135
195 131
195 126
192 114
191 106
191 97
187 88
186 78
184 65
180 52
178 37
176 23
171 10
169 -2
169 -13
165 -28
165 -33
163 -37
163 -40
163 -43
163 -43
163 -43
163 -42
163 -40
166 -38
166 -32
167 -26
170 -20
172 -11
174 -3
176 6
179 16
179 25
182 35
185 44
189 61
189 69
191 76
191 85
192 93
195 102
195 112
197 120
199 128
199 134
201 139
203 143
205 146
205 146
205 145
207 145
211 137
211 132
214 125
214 118
217 100
217 90
217 81
218 70
218 46
220 34
221 21
223 8
225 -7
227 -23
227 -35
229 -55
229 -60
229 -65
230 -68
232 -70
232 -70
233 -70
233 -70
235 -68
235 -66
236 -63
236 -61
239 -57
240 -56
242 -54
242 -52
.PEN_UP
.PEN_DOWN
153 14
156 12
158 12
162 11
173 16
182 19
190 23
199 28
208 32
.PEN_UP
.SEGMENT CHARACTER 2-3 ? "B"
.PEN_DOWN
127 89
129 82
131 72
133 62
136 41
138 30
139 20
139 10
143 2
144 -7
147 -15
150 -21
154 -26
156 -26
157 -28
157 -28
.PEN_UP
.PEN_DOWN
105 97
105 99
105 101
107 103
112 107
114 110
117 114
122 118
130 124
135 127
140 130
145 134
158 140
164 143
171 146
177 147
188 148
193 147
197 145
201 142
207 131
208 127
208 119
207 112
203 105
197 94
189 84
179 73
163 54
155 47
147 40
141 35
135 33
131 31
131 31
130 33
130 36
132 39
137 43
145 48
153 53
162 57
178 63
185 65
193 65
200 65
209 65
217 63
222 62
232 56
235 51
239 44
241 37
242 21
242 13
242 4
239 -4
236 -12
231 -19
224 -26
219 -33
206 -39
201 -39
195 -39
189 -37
176 -30
170 -24
165 -17
163 -10
.PEN_UP
.SEGMENT CHARACTER 4 ? "C"
.PEN_DOWN
242 112
242 112
242 112
243 112
243 113
245 113
245 113
246 115
246 115
246 118
246 120
246 121
244 125
242 126
241 127
237 127
230 127
227 127
222 127
219 125
214 122
205 116
200 112
193 109
188 105
179 97
175 93
173 88
171 84
169 74
169 69
167 64
167 59
170 49
173 44
177 39
180 35
185 31
192 28
199 26
206 26
214 25
221 26
227 26
233 29
239 32
243 33
245 35
248 36
251 36
.PEN_UP
.SEGMENT CHARACTER 5-6 ? "D"
.PEN_DOWN
171 78
171 73
171 65
171 57
171 40
169 31
169 23
169 16
168 10
168 5
168 1
168 -2
169 -3
169 -3
172 -3
172 -3
.PEN_UP
.PEN_DOWN
146 102
146 102
146 102
146 102
146 102
146 103
146 106
148 108
155 115
159 118
162 121
164 124
170 128
173 131
176 134
181 136
190 142
196 144
201 146
206 149
218 150
223 150
229 148
235 144
245 136
249 130
252 124
254 119
257 104
257 96
257 87
255 78
251 58
247 47
243 36
239 26
234 16
229 6
221 -1
213 -9
202 -18
198 -21
196 -23
193 -24
190 -26
189 -26
187 -23
185 -20
184 -16
182 -8
182 -2
182 4
.PEN_UP
.SEGMENT CHARACTER 7-9 ? "E"
.PEN_DOWN
206 9
206 3
206 -4
206 -11
206 -27
206 -35
205 -43
205 -51
205 -59
205 -67
207 -74
207 -80
207 -86
205 -87
205 -88
207 -88
207 -88
210 -88
210 -88
210 -86
213 -83
215 -80
220 -77
224 -75
232 -70
236 -68
240 -66
244 -65
249 -65
254 -63
260 -63
266 -64
271 -63
276 -65
281 -65
284 -65
287 -65
289 -66
291 -67
293 -67
295 -67
295 -67
296 -67
296 -68
298 -69
.PEN_UP
.PEN_DOWN
239 75
248 80
257 84
265 87
279 93
.PEN_UP
.PEN_DOWN
158 15
158 15
158 15
157 14
157 14
156 14
156 12
156 12
154 12
154 12
153 12
153 12
151 12
151 11
150 11
150 11
148 11
148 11
148 11
148 11
150 10
150 13
151 13
153 15
157 17
163 19
166 21
170 22
176 24
180 26
188 26
195 30
202 33
211 33
224 35
231 35
239 35
247 36
260 36
266 36
.PEN_UP
.SEGMENT CHARACTER 10-11 ? "F"
.PEN_DOWN
204 4
206 0
206 -6
207 -10
209 -25
209 -32
210 -40
210 -47
212 -55
212 -65
214 -74
214 -81
216 -92
218 -96
218 -100
218 -104
220 -106
220 -108
220 -110
223 -111
223 -111
223 -110
223 -110
223 -109
225 -107
225 -103
229 -98
229 -93
229 -87
231 -83
231 -78
230 -73
230 -70
230 -65
228 -62
228 -59
225 -56
222 -53
219 -49
216 -45
207 -38
203 -34
199 -30
195 -26
192 -22
189 -19
186 -15
182 -11
178 -7
177 -6
177 -5
177 -5
175 -4
175 -4
176 -4
176 -2
181 0
183 0
186 1
189 1
193 3
200 3
206 5
219 9
225 12
232 15
240 16
250 21
261 25
272 29
290 38
297 40
303 43
309 46
315 47
319 49
322 51
324 51
324 51
324 51
324 51
324 51
325 51
325 51
324 51
324 51
322 50
322 48
.PEN_UP
.PEN_DOWN
203 -59
204 -59
205 -59
205 -59
212 -62
215 -62
220 -62
225 -62
235 -59
240 -57
246 -56
251 -53
257 -50
263 -48
269 -43
274 -41
284 -37
288 -36
292 -34
295 -32
297 -31
300 -30
304 -30
305 -29
305 -29
305 -29
305 -29
305 -29
305 -29
305 -29
304 -29
304 -29
304 -29
304 -29
.PEN_UP
.SEGMENT CHARACTER 12 ? "G"
.PEN_DOWN
222 51
220 51
217 51
215 50
208 47
206 45
203 42
200 40
198 36
194 32
190 27
188 22
181 13
179 8
177 3
177 -3
176 -9
176 -17
176 -24
176 -32
179 -46
181 -52
184 -56
186 -60
194 -67
197 -70
201 -71
205 -73
214 -75
219 -75
224 -76
228 -76
233 -75
238 -75
242 -72
245 -69
251 -66
252 -65
254 -64
256 -61
257 -59
259 -56
259 -53
260 -51
260 -50
260 -48
260 -47
260 -45
260 -43
255 -39
254 -38
251 -37
249 -35
243 -32
241 -29
238 -28
235 -27
234 -26
231 -25
228 -24
228 -24
223 -20
223 -18
221 -18
221 -17
221 -17
219 -17
219 -17
219 -17
219 -16
219 -16
219 -16
222 -16
223 -17
225 -17
228 -17
231 -19
235 -18
239 -18
243 -18
254 -18
258 -18
262 -16
266 -15
274 -14
277 -14
280 -14
282 -12
284 -12
286 -12
288 -11
288 -11
288 -11
288 -11
288 -11
288 -11
288 -11
288 -11
.PEN_UP
.SEGMENT CHARACTER 13-15 ? "H"
.PEN_DOWN
219 26
219 21
219 15
219 10
219 4
219 -3
220 -11
220 -19
220 -35
220 -41
219 -48
219 -56
219 -65
219 -74
220 -85
220 -93
220 -104
220 -107
222 -109
222 -111
223 -111
225 -111
225 -109
229 -106
.PEN_UP
.PEN_DOWN
278 31
279 27
279 22
279 17
279 9
279 0
279 -10
279 -20
277 -30
277 -42
277 -51
277 -60
277 -69
277 -75
276 -81
276 -86
277 -92
277 -92
277 -92
279 -92
279 -93
279 -92
279 -92
.PEN_UP
.PEN_DOWN
248 -40
257 -38
267 -36
277 -34
286 -31
296 -29
306 -29
315 -26
329 -23
333 -23
337 -22
341 -22
.PEN_UP
.SEGMENT CHARACTER 16-18 ? "I"
.PEN_DOWN
244 0
244 0
244 1
242 1
242 1
242 -1
243 -2
243 -5
243 -11
243 -15
242 -21
242 -26
241 -38
241 -44
241 -51
239 -59
238 -73
237 -81
237 -88
237 -95
237 -102
236 -110
234 -118
234 -126
234 -131
233 -135
233 -138
234 -138
233 -138
235 -138
235 -136
236 -133
239 -130
240 -124
241 -119
.PEN_UP
.PEN_DOWN
170 -117
172 -118
175 -118
178 -118
187 -116
192 -116
198 -116
204 -115
217 -112
224 -110
231 -107
239 -105
246 -103
254 -100
262 -98
267 -95
275 -90
277 -89
279 -87
.PEN_UP
.PEN_DOWN
187 6
199 8
211 11
224 13
238 15
253 18
269 21
284 25
.PEN_UP
.SEGMENT CHARACTER 19-20 ? "J"
.PEN_DOWN
227 29
233 30
240 31
249 35
266 39
276 42
286 44
296 46
313 48
319 48
325 48
331 48
334 48
339 48
342 49
344 49
347 49
.PEN_UP
.PEN_DOWN
243 21
243 17
245 13
245 9
246 0
246 -5
248 -10
251 -15
253 -21
257 -28
260 -37
264 -48
266 -65
268 -72
268 -78
268 -85
269 -94
269 -101
269 -108
268 -116
268 -118
266 -120
264 -121
260 -123
257 -123
251 -123
244 -123
239 -120
230 -117
222 -114
216 -111
208 -107
203 -105
198 -102
196 -100
196 -97
195 -94
197 -92
204 -88
210 -83
.PEN_UP
.SEGMENT CHARACTER 21-22 ? "K"
.PEN_DOWN
206 28
206 23
208 17
208 9
208 -9
206 -18
206 -27
205 -37
205 -47
206 -60
206 -71
206 -81
208 -91
210 -97
211 -104
213 -109
215 -113
219 -118
221 -118
223 -116
224 -114
.PEN_UP
.PEN_DOWN
239 4
238 -2
236 -7
234 -15
229 -26
227 -32
224 -37
223 -41
223 -45
221 -49
221 -53
220 -58
220 -62
220 -67
222 -72
224 -76
228 -80
231 -81
235 -82
239 -84
251 -85
257 -85
265 -87
272 -89
283 -91
287 -93
291 -93
295 -94
303 -97
306 -97
309 -97
311 -97
.PEN_UP
.SEGMENT CHARACTER 23 ? "L"
.PEN_DOWN
236 34
236 31
236 28
237 22
237 15
237 5
237 -7
234 -17
229 -37
226 -44
224 -52
221 -60
218 -72
216 -78
215 -82
214 -86
212 -93
212 -95
211 -97
211 -97
212 -98
212 -98
218 -98
222 -95
232 -88
239 -85
246 -80
253 -76
260 -72
268 -68
276 -65
284 -64
296 -62
303 -62
308 -61
313 -61
319 -63
323 -63
325 -64
327 -64
.PEN_UP
.SEGMENT CHARACTER 24 ? "M"
.PEN_DOWN
205 28
206 22
206 16
206 9
206 0
206 -12
204 -23
203 -36
200 -55
200 -62
197 -68
195 -72
195 -76
194 -78
194 -80
195 -80
194 -80
194 -80
196 -78
197 -76
199 -72
201 -65
203 -58
205 -47
209 -28
211 -18
214 -9
216 -1
223 14
225 20
228 25
231 30
233 37
235 39
235 42
235 43
237 45
237 45
237 45
237 45
239 43
239 39
241 35
244 29
247 15
250 6
251 -3
253 -12
255 -28
255 -34
255 -40
256 -45
256 -53
258 -55
258 -55
259 -55
259 -55
261 -53
264 -50
266 -47
274 -35
278 -29
283 -23
288 -15
292 -9
298 0
303 9
306 14
312 19
312 23
314 24
317 24
317 25
318 25
318 24
318 22
318 13
318 6
319 -2
319 -10
319 -26
321 -34
321 -41
323 -49
325 -59
325 -65
327 -69
329 -72
331 -77
333 -79
.PEN_UP
.SEGMENT CHARACTER 25 ? "N"
.PEN_DOWN
244 4
244 -3
243 -10
243 -18
239 -38
237 -49
233 -61
230 -73
225 -92
222 -101
221 -108
220 -114
217 -122
217 -123
216 -123
216 -123
216 -120
218 -116
220 -111
222 -103
224 -96
229 -79
231 -68
233 -58
236 -47
238 -36
242 -26
245 -15
248 -5
252 6
254 9
254 10
256 11
256 11
256 11
256 10
256 10
259 5
259 1
261 -3
261 -8
263 -23
263 -31
263 -38
263 -47
265 -64
265 -72
265 -80
268 -86
269 -97
269 -102
271 -106
271 -107
273 -110
273 -110
276 -110
280 -108
282 -104
286 -98
290 -91
293 -81
299 -62
302 -50
304 -39
306 -26
309 1
312 14
314 26
317 37
322 50
324 53
324 55
.PEN_UP
.SEGMENT CHARACTER 26 ? "O"
.PEN_DOWN
229 -14
225 -20
221 -27
217 -34
214 -48
214 -55
217 -62
220 -67
229 -78
235 -81
242 -84
249 -84
265 -84
274 -82
283 -79
291 -76
300 -73
309 -68
318 -63
326 -57
334 -45
336 -39
336 -34
336 -28
333 -21
325 -9
319 -4
311 0
303 4
286 5
276 3
267 1
259 -3
.PEN_UP
.SEGMENT CHARACTER 27-28 ? "P"
.PEN_DOWN
240 -28
240 -36
240 -44
240 -52
240 -70
240 -77
240 -83
243 -88
245 -92
249 -96
252 -98
254 -98
.PEN_UP
.PEN_DOWN
221 16
223 16
225 16
228 17
230 17
233 20
237 22
242 24
255 29
260 31
267 33
273 34
285 35
291 35
296 35
302 33
311 31
315 27
319 24
322 19
324 5
323 -4
320 -12
317 -21
305 -39
297 -47
289 -54
280 -58
263 -67
256 -69
249 -71
244 -71
240 -71
237 -67
235 -62
233 -55
235 -42
238 -36
.PEN_UP
.SEGMENT CHARACTER 29-30 ? "Q"
.PEN_DOWN
236 -6
232 -12
229 -18
227 -25
225 -40
225 -47
227 -54
230 -60
236 -72
240 -77
244 -81
250 -85
260 -89
265 -91
271 -92
276 -92
287 -89
293 -86
299 -82
304 -77
314 -66
317 -61
320 -54
321 -48
321 -42
319 -32
316 -23
313 -13
304 6
297 14
291 19
286 25
275 30
268 30
261 30
.PEN_UP
.PEN_DOWN
246 -60
247 -60
249 -62
251 -63
257 -67
260 -69
262 -71
266 -73
268 -75
273 -80
276 -83
280 -86
284 -89
288 -94
292 -98
295 -103
300 -109
307 -115
311 -117
315 -119
319 -121
324 -122
327 -122
328 -123
331 -123
331 -124
331 -126
.PEN_UP
.SEGMENT CHARACTER 31-32 ? "R"
.PEN_DOWN
280 -58
280 -68
280 -79
280 -90
278 -114
278 -125
276 -134
276 -143
275 -157
276 -163
276 -166
278 -169
280 -170
280 -169
281 -167
281 -164
.PEN_UP
.PEN_DOWN
258 2
260 2
263 1
266 0
270 -3
280 -9
284 -14
289 -19
294 -25
302 -38
304 -43
309 -55
314 -61
319 -69
321 -77
321 -85
321 -94
319 -102
319 -111
313 -123
309 -127
303 -130
299 -132
291 -135
286 -135
282 -135
280 -132
275 -126
274 -123
273 -120
273 -116
275 -110
276 -109
278 -107
280 -106
285 -105
288 -105
290 -105
293 -105
298 -106
300 -108
304 -109
309 -111
319 -116
324 -119
330 -122
336 -126
348 -132
353 -136
357 -140
363 -143
370 -151
374 -153
376 -156
379 -159
384 -162
386 -164
389 -165
391 -165
392 -166
.PEN_UP
.SEGMENT CHARACTER 33 ? "S"
.PEN_DOWN
287 14
283 11
278 9
275 7
270 4
266 -1
261 -5
256 -10
249 -19
249 -23
249 -27
248 -31
248 -34
248 -39
248 -44
250 -49
256 -56
260 -59
264 -61
268 -63
278 -68
283 -70
288 -71
294 -74
305 -80
310 -83
315 -86
318 -89
324 -96
325 -100
326 -104
326 -108
325 -117
322 -122
320 -126
317 -130
313 -134
308 -137
303 -140
297 -143
286 -146
280 -146
276 -146
272 -144
267 -143
264 -141
260 -139
256 -137
253 -135
253 -135
253 -135
.PEN_UP
.SEGMENT CHARACTER 34-35 ? "T"
.PEN_DOWN
252 3
252 3
255 5
259 5
270 8
276 9
282 11
290 13
298 15
308 17
319 20
329 23
339 26
350 29
358 32
367 35
382 38
386 38
389 39
391 40
391 39
.PEN_UP
.PEN_DOWN
301 -7
301 -8
302 -11
302 -15
304 -24
304 -29
304 -35
304 -40
304 -54
301 -61
299 -68
298 -76
296 -92
294 -100
292 -107
290 -115
287 -130
283 -137
281 -142
279 -147
279 -154
279 -155
279 -155
279 -157
284 -157
.PEN_UP
.SEGMENT CHARACTER 36 ? "U"
.PEN_DOWN
209 -15
209 -17
209 -19
209 -21
209 -29
209 -33
207 -39
207 -46
207 -53
204 -63
204 -73
204 -81
204 -94
204 -100
204 -105
207 -109
213 -116
215 -119
218 -121
221 -122
225 -122
231 -122
235 -120
242 -118
253 -114
258 -112
263 -109
268 -104
272 -101
278 -97
283 -91
287 -86
291 -75
293 -70
293 -64
295 -58
295 -51
295 -43
293 -36
290 -30
290 -26
288 -24
287 -22
287 -22
287 -21
282 -21
280 -22
280 -25
280 -28
279 -36
279 -41
279 -47
279 -52
279 -59
277 -67
276 -75
276 -85
280 -100
282 -106
284 -111
286 -115
289 -121
293 -126
295 -132
298 -138
303 -143
307 -145
310 -145
312 -147
318 -147
321 -146
324 -146
326 -145
.PEN_UP
.SEGMENT CHARACTER 37 ? "V"
.PEN_DOWN
159 216
161 212
163 208
165 203
169 191
170 185
170 178
173 169
177 150
179 140
181 131
181 123
185 113
190 102
193 92
197 83
201 76
202 72
206 66
208 62
210 59
215 54
215 54
218 53
218 53
219 53
221 54
221 55
222 58
222 65
221 69
221 74
221 81
221 95
221 103
223 111
223 119
223 135
224 143
226 151
227 160
227 169
230 180
231 190
233 200
237 209
239 217
242 222
246 227
250 233
256 236
262 240
267 243
276 247
279 247
283 246
.PEN_UP
.SEGMENT CHARACTER 38 ? "W"
.PEN_DOWN
184 178
182 175
182 170
182 164
182 151
182 142
182 134
182 126
184 117
184 109
185 101
187 93
187 86
189 80
191 75
191 72
192 68
192 68
193 66
193 66
195 68
197 69
200 71
202 74
207 80
209 84
211 88
214 92
217 96
220 102
224 108
228 115
232 129
234 135
236 142
237 147
239 157
239 160
240 163
241 165
242 166
242 166
242 166
242 166
242 166
244 163
244 161
246 158
248 153
249 147
251 139
253 131
255 118
255 114
258 109
259 106
261 101
263 99
263 97
266 96
267 96
267 96
269 96
272 97
275 97
279 100
282 103
285 106
293 114
295 119
298 125
300 130
307 144
310 152
313 162
316 170
319 179
322 191
325 203
326 215
.PEN_UP
.SEGMENT CHARACTER 39-40 ? "X"
.PEN_DOWN
209 194
207 194
206 195
206 195
206 197
206 197
205 197
205 197
205 197
205 197
206 197
206 197
206 197
206 197
206 197
206 198
206 196
205 196
206 195
206 193
206 190
208 185
209 179
212 173
219 163
221 158
225 152
228 147
236 135
240 128
245 123
248 116
252 110
257 103
261 96
266 90
274 81
277 79
277 78
277 78
279 75
279 75
279 75
279 75
279 73
279 73
278 72
.PEN_UP
.PEN_DOWN
244 164
240 153
235 141
229 129
218 102
214 90
210 77
207 66
201 47
200 39
197 32
.PEN_UP
.SEGMENT CHARACTER 41-42 ? "Y"
.PEN_DOWN
198 215
199 213
201 210
202 207
205 203
210 197
214 191
220 185
229 176
232 173
236 169
239 166
242 164
247 161
250 159
253 156
260 150
262 147
265 146
268 146
271 145
274 145
277 145
280 145
.PEN_UP
.PEN_DOWN
264 200
262 194
260 188
257 181
254 164
252 154
248 143
246 132
241 110
239 98
237 88
234 79
233 71
232 62
229 55
227 47
226 40
223 35
222 31
220 27
220 23
224 17
.PEN_UP
.SEGMENT CHARACTER 43 ? "Z"
.PEN_DOWN
162 207
162 206
162 204
162 203
166 201
168 200
172 198
178 198
183 198
193 197
202 198
210 199
227 200
235 200
243 200
249 201
253 201
258 201
260 201
262 201
265 200
265 199
265 197
265 193
260 187
258 182
255 177
250 171
246 165
241 159
235 151
228 144
216 128
210 121
206 113
202 106
199 99
196 92
193 86
193 80
190 77
190 77
190 77
190 76
190 76
190 76
193 76
196 77
204 80
211 80
217 82
224 84
239 87
247 89
256 90
264 92
279 96
285 98
291 100
296 101
305 103
308 103
310 103
311 103
.PEN_UP
.SEGMENT CHARACTER 44 ? "a"
.PEN_DOWN
190 89
190 85
190 81
190 77
193 71
195 69
197 66
200 65
204 64
209 64
215 64
219 66
228 71
232 73
237 76
240 79
243 81
247 85
247 88
247 92
249 94
249 98
246 102
246 104
243 109
243 110
242 111
242 113
242 113
240 113
240 111
239 109
237 109
237 106
235 104
234 104
231 101
231 98
230 94
230 90
232 82
232 78
234 74
234 69
243 62
247 59
251 56
257 55
268 55
274 55
281 57
288 59
303 66
308 69
314 72
321 75
329 81
333 82
336 83
336 83
.PEN_UP
.SEGMENT CHARACTER 45 ? "b"
.PEN_DOWN
213 146
214 139
214 132
214 124
216 116
216 107
216 97
216 89
216 76
216 72
216 67
217 64
218 61
218 59
218 57
218 57
219 57
221 57
221 57
223 59
224 60
226 64
229 69
235 73
238 79
244 84
250 89
256 95
266 103
271 106
276 108
281 110
284 111
288 110
288 110
290 109
292 105
292 103
292 97
292 92
292 87
292 83
292 79
289 75
282 66
278 61
273 56
269 52
263 48
258 43
252 40
246 37
239 34
238 34
238 34
234 36
231 39
229 44
226 49
223 54
223 61
219 67
217 73
217 77
217 83
.PEN_UP
.SEGMENT CHARACTER 46 ? "c"
.PEN_DOWN
263 131
261 131
259 132
258 132
255 132
252 132
247 132
241 130
236 126
230 122
224 115
221 108
216 97
216 92
216 87
216 82
217 76
220 71
224 66
229 62
239 56
247 54
254 54
263 57
274 59
285 64
296 68
308 71
316 75
.PEN_UP
.SEGMENT CHARACTER 47 ? "d"
.PEN_DOWN
273 173
273 167
275 160
275 154
276 140
276 134
278 127
278 121
278 111
279 105
279 100
279 97
279 88
281 86
281 85
281 83
281 83
282 83
282 83
282 85
282 87
282 88
282 89
282 91
282 93
280 96
278 100
278 102
271 107
268 110
263 112
259 113
254 113
249 113
246 113
239 112
228 108
224 106
220 103
217 101
210 95
208 91
206 87
203 83
201 73
201 68
203 64
205 59
206 55
210 52
217 48
225 47
243 49
252 51
261 54
268 56
284 61
289 63
295 65
.PEN_UP
.SEGMENT CHARACTER 48 ? "e"
.PEN_DOWN
225 97
227 97
231 95
236 95
245 95
252 95
257 97
263 99
270 101
276 104
281 108
286 111
290 113
293 115
293 117
293 120
290 122
288 123
285 124
281 126
270 128
264 127
258 127
252 125
246 122
240 117
234 112
227 107
222 103
219 98
216 93
213 90
211 85
211 81
208 78
208 72
212 67
217 61
223 59
228 58
235 58
251 58
261 60
271 61
281 64
299 68
308 69
315 70
323 71
329 71
.PEN_UP
.SEGMENT CHARACTER 49-50 ? "f"
.PEN_DOWN
227 197
225 193
224 189
224 184
221 173
221 166
221 160
221 153
224 141
226 135
228 129
233 125
244 115
251 111
256 106
259 101
267 91
269 87
271 82
273 78
273 74
275 69
275 65
272 62
272 58
270 57
268 55
268 51
268 50
.PEN_UP
.PEN_DOWN
243 108
254 110
266 113
278 115
.PEN_UP
.SEGMENT CHARACTER 51 ? "g"
.PEN_DOWN
286 108
286 110
286 112
284 114
281 118
276 120
272 120
268 121
263 121
257 120
249 118
239 116
231 112
222 107
213 101
208 94
200 81
200 76
198 71
200 68
201 64
206 61
210 57
216 54
228 54
236 54
243 55
252 58
266 62
273 64
278 66
282 68
288 72
289 73
289 74
289 75
288 76
288 78
284 78
283 79
282 79
279 77
279 74
277 72
274 67
274 63
274 60
274 55
276 50
278 43
279 34
279 24
283 4
285 -7
287 -18
289 -30
289 -42
291 -58
292 -73
292 -87
292 -99
289 -109
286 -117
282 -124
274 -132
271 -134
269 -134
266 -134
259 -129
255 -125
252 -120
249 -114
.PEN_UP
.SEGMENT CHARACTER 52 ? "h"
.PEN_DOWN
258 137
258 134
258 129
258 124
258 117
258 106
256 94
254 82
251 57
251 48
249 39
249 33
249 22
249 19
253 17
253 17
255 17
255 17
256 20
258 23
263 31
265 35
268 40
270 45
277 56
280 62
284 66
288 70
296 77
300 77
304 78
307 80
312 80
314 81
314 81
316 80
319 76
320 73
320 68
322 62
324 48
324 42
324 35
328 30
332 22
335 19
339 17
342 17
350 17
354 19
358 21
363 23
.PEN_UP
.SEGMENT CHARACTER 53-54 ? "i"
.PEN_DOWN
254 99
254 92
252 84
252 75
252 59
254 53
255 48
257 44
261 40
261 38
263 38
265 38
.PEN_UP
.PEN_DOWN
245 210
248 212
250 213
252 215
254 215
254 216
256 216
258 216
260 217
261 217
.PEN_UP
.SEGMENT CHARACTER 55-56 ? "j"
.PEN_DOWN
263 94
265 91
265 87
265 84
265 80
265 73
268 66
270 57
270 47
272 36
274 25
276 16
279 -4
281 -11
281 -21
284 -30
284 -39
284 -52
284 -64
285 -77
285 -98
285 -105
283 -112
283 -118
281 -122
278 -126
278 -129
274 -129
269 -129
265 -129
260 -125
253 -122
243 -114
240 -111
236 -107
232 -101
229 -97
225 -90
216 -74
214 -72
214 -70
214 -69
214 -63
214 -61
.PEN_UP
.PEN_DOWN
211 175
215 175
218 176
223 178
233 179
.PEN_UP
.SEGMENT CHARACTER 57-58 ? "k"
.PEN_DOWN
265 140
267 131
267 122
269 111
269 90
271 79
271 68
271 58
273 42
273 36
275 30
275 24
277 18
277 15
279 14
.PEN_UP
.PEN_DOWN
299 134
298 132
297 130
294 125
290 120
281 107
277 100
272 93
268 87
266 82
264 78
263 72
265 67
268 63
275 57
279 55
283 53
288 51
298 48
302 46
307 45
313 45
324 45
331 46
338 46
346 46
355 46
362 44
371 42
384 36
388 32
392 29
394 27
400 21
402 18
.PEN_UP
.SEGMENT CHARACTER 59 ? "l"
.PEN_DOWN
285 183
284 183
284 183
284 183
285 181
285 180
285 178
285 175
285 169
285 166
284 162
284 159
282 149
282 142
282 135
282 128
280 110
279 101
278 92
278 83
278 74
275 63
275 53
275 43
275 34
274 26
274 19
274 13
274 6
275 4
275 4
277 3
279 3
280 5
.PEN_UP
.SEGMENT CHARACTER 60 ? "m"
.PEN_DOWN
193 100
193 100
193 99
193 99
195 95
197 93
197 90
197 87
200 84
200 79
202 73
202 68
202 57
203 54
203 50
204 47
204 43
204 40
204 37
206 34
206 32
206 32
206 32
206 32
206 32
206 32
206 32
206 32
207 37
207 41
209 44
209 48
213 58
216 63
217 69
220 76
223 86
227 90
227 94
230 97
232 100
232 102
236 103
239 106
242 108
245 108
245 108
248 108
251 108
252 105
255 103
255 99
258 90
258 86
258 82
258 77
258 67
256 62
255 57
255 55
253 48
253 47
253 46
253 46
253 46
251 46
251 46
251 47
254 47
256 51
257 55
260 63
263 67
266 71
271 76
274 81
279 87
283 92
287 97
296 104
299 105
301 105
305 106
309 107
313 107
315 107
320 105
322 102
324 100
327 94
330 82
330 75
332 68
333 61
335 50
337 46
337 43
340 40
341 37
344 37
346 36
351 36
.PEN_UP
.SEGMENT CHARACTER 61 ? "n"
.PEN_DOWN
243 90
243 86
243 81
243 75
241 63
241 56
241 50
241 44
243 34
244 31
244 29
247 27
249 27
251 27
253 27
254 29
257 34
258 37
258 41
260 44
261 51
263 55
265 60
267 65
272 73
274 77
275 80
279 83
284 88
287 89
289 91
292 92
294 92
297 93
297 93
300 93
305 91
306 89
308 87
309 86
313 80
313 76
313 72
315 67
315 58
313 53
313 49
313 46
311 39
311 36
311 34
311 32
310 29
310 27
313 26
313 25
315 23
317 20
317 18
320 14
322 10
324 9
324 9
324 8
326 8
.PEN_UP
.SEGMENT CHARACTER 62 ? "o"
.PEN_DOWN
261 102
259 98
256 93
253 89
250 78
250 73
250 68
251 63
255 57
259 55
262 54
265 54
269 54
276 54
283 57
289 59
300 65
303 68
306 73
308 78
310 87
310 92
310 96
310 101
312 106
309 111
307 115
304 119
298 120
293 119
287 117
281 113
.PEN_UP
.SEGMENT CHARACTER 63-64 ? "p"
.PEN_DOWN
250 41
250 41
250 41
250 41
250 39
250 38
249 35
249 31
247 20
247 12
247 5
246 -2
244 -19
242 -28
242 -37
241 -46
241 -62
240 -69
240 -76
240 -82
242 -91
242 -95
242 -97
242 -99
243 -101
244 -101
.PEN_UP
.PEN_DOWN
224 89
225 90
227 90
230 91
237 89
242 87
248 85
255 83
262 79
270 74
278 66
286 59
295 46
297 39
297 33
297 26
290 16
282 11
275 7
266 4
256 1
246 -2
235 -3
.PEN_UP
.SEGMENT CHARACTER 65 ? "q"
.PEN_DOWN
234 282
234 284
234 285
232 288
230 292
228 294
226 295
223 295
221 297
217 297
212 297
207 298
197 295
194 293
190 289
186 286
183 281
179 275
176 269
173 263
173 251
173 246
175 242
178 238
180 236
185 233
190 232
195 232
202 235
206 237
209 240
213 243
216 247
220 251
222 255
223 259
223 265
223 268
223 269
223 270
223 270
223 270
223 270
223 268
223 267
223 263
222 258
222 250
220 242
220 232
218 224
218 213
217 200
217 186
217 162
217 151
218 141
218 130
218 119
219 107
219 97
221 89
224 82
227 78
231 77
235 77
246 82
252 86
259 91
271 103
278 110
284 118
289 125
.PEN_UP
.SEGMENT CHARACTER 66 ? "r"
.PEN_DOWN
193 264
193 260
194 255
194 251
196 242
198 237
199 233
199 228
202 220
202 216
202 212
202 210
202 208
202 207
203 207
203 206
203 206
203 208
203 211
202 215
202 220
202 228
205 237
206 249
215 266
220 273
226 278
231 282
236 285
244 288
253 291
261 294
.PEN_UP
.SEGMENT CHARACTER 67 ? "s"
.PEN_DOWN
235 312
234 313
232 313
230 313
225 313
221 313
218 313
214 311
207 308
204 306
201 304
199 302
197 300
194 298
194 295
194 292
191 290
192 287
192 285
192 284
192 282
195 280
199 279
203 277
207 274
214 271
220 268
226 264
234 258
239 255
245 250
251 245
260 238
262 235
264 232
266 229
266 226
266 222
264 217
261 213
255 209
245 202
240 200
234 199
229 199
221 199
218 201
216 202
215 205
215 206
.PEN_UP
.SEGMENT CHARACTER 68-69 ? "t"
.PEN_DOWN
222 370
222 366
223 361
223 355
227 340
228 331
229 322
229 313
233 293
233 282
235 271
235 262
235 253
235 242
235 234
235 225
235 217
235 214
235 210
235 208
235 208
236 208
.PEN_UP
.PEN_DOWN
146 308
146 308
146 308
146 308
146 308
147 307
150 307
152 307
154 306
158 306
167 306
176 306
185 308
205 313
215 316
224 319
233 322
240 326
250 329
261 331
271 334
287 338
.PEN_UP
.SEGMENT CHARACTER 70 ? "u"
.PEN_DOWN
182 280
182 280
184 278
184 278
183 278
181 275
179 271
177 266
176 261
174 251
174 247
174 242
176 238
177 235
180 232
184 228
189 226
198 225
204 225
210 226
216 227
228 231
234 234
240 237
244 241
252 248
255 251
257 255
259 259
260 262
260 265
260 269
260 273
259 278
258 282
258 285
256 287
256 287
254 287
254 286
254 284
254 281
254 277
254 274
254 269
254 262
257 253
259 249
263 246
266 243
269 240
275 237
281 236
287 236
294 236
303 238
310 240
.PEN_UP
.SEGMENT CHARACTER 71 ? "v"
.PEN_DOWN
185 308
187 307
190 305
195 303
203 299
208 295
212 292
215 289
220 285
228 276
233 272
236 268
239 265
242 261
247 256
250 253
252 250
254 246
256 243
256 241
258 239
258 237
260 237
260 237
260 238
260 238
260 241
261 244
265 247
267 253
270 258
275 264
278 272
285 285
288 291
292 296
295 302
298 307
303 312
306 319
.PEN_UP
.SEGMENT CHARACTER 72 ? "w"
.PEN_DOWN
186 296
186 292
189 287
189 281
191 274
194 264
195 255
197 248
199 234
200 229
200 224
202 221
202 218
202 218
202 218
202 218
204 218
204 218
205 220
207 224
210 227
215 233
221 239
225 247
234 263
237 271
241 278
244 284
247 289
252 293
253 296
253 299
253 300
253 300
253 300
255 297
255 296
255 290
254 285
254 279
254 272
256 266
258 257
259 249
262 243
266 234
269 231
270 228
273 228
276 227
278 227
281 230
284 231
288 237
291 240
293 243
296 247
302 256
306 262
311 267
315 274
319 281
326 288
330 297
334 306
339 314
341 321
342 326
342 329
342 330
340 330
.PEN_UP
.SEGMENT CHARACTER 73-74 ? "x"
.PEN_DOWN
238 318
241 313
243 308
247 302
252 296
259 290
264 282
273 274
286 262
292 258
297 254
301 252
309 247
311 247
311 245
311 245
.PEN_UP
.PEN_DOWN
289 325
287 322
284 317
281 312
278 305
272 296
266 285
260 274
251 263
244 251
236 240
228 230
221 219
216 205
216 198
.PEN_UP
.SEGMENT CHARACTER 75 ? "y"
.PEN_DOWN
229 294
227 294
227 293
226 292
225 288
225 283
224 276
224 269
224 262
226 255
230 248
233 243
237 240
244 237
250 237
256 239
269 243
275 246
282 248
287 251
292 254
298 257
302 261
306 263
311 265
311 268
314 270
316 272
316 278
317 281
317 283
317 285
317 286
317 286
317 286
317 286
315 280
315 276
314 272
312 266
312 258
310 248
307 235
307 223
307 211
306 198
306 184
305 170
302 145
302 134
302 122
303 112
303 94
305 87
305 81
306 77
307 73
306 71
304 70
304 68
298 68
293 68
287 69
280 71
266 76
260 79
.PEN_UP
.SEGMENT CHARACTER 76 ? "z"
.PEN_DOWN
227 312
231 312
236 311
243 311
257 308
267 308
275 307
283 307
297 307
302 307
307 307
311 307
314 305
319 304
321 303
321 299
322 296
319 293
317 289
314 284
303 276
296 272
289 268
283 264
278 259
271 253
266 248
260 244
256 241
256 238
258 238
261 238
264 239
273 243
279 244
285 247
292 249
299 249
307 250
316 250
323 252
331 255
341 256
351 258
360 261
.PEN_UP
.SEGMENT CHARACTER 77 ? "0"
.PEN_DOWN
226 359
224 354
221 348
219 341
219 333
217 324
215 314
215 304
219 289
222 285
226 282
231 282
245 280
253 282
262 284
273 287
283 291
295 296
304 302
313 309
318 315
325 325
325 329
325 333
325 338
322 343
317 349
313 355
306 361
298 366
290 369
283 371
276 373
269 373
266 369
261 367
255 363
249 355
248 351
248 347
.PEN_UP
.SEGMENT CHARACTER 78 ? "1"
.PEN_DOWN
205 374
205 374
205 374
205 374
205 371
205 369
205 365
205 361
205 349
205 342
205 335
207 328
209 313
212 305
212 298
213 291
218 278
219 274
222 269
224 265
230 258
233 256
.PEN_UP
.SEGMENT CHARACTER 79 ? "2"
.PEN_DOWN
220 365
222 366
224 366
228 368
234 370
242 370
251 373
259 373
269 373
274 371
278 366
283 359
287 352
287 344
289 334
287 325
280 310
275 304
270 298
265 292
258 286
251 280
243 275
235 272
228 268
227 268
227 270
227 272
229 274
235 277
242 280
251 284
270 290
279 292
289 293
297 293
306 295
316 294
325 294
332 294
.PEN_UP
.SEGMENT CHARACTER 80 ? "3"
.PEN_DOWN
242 386
247 386
252 386
256 386
265 384
270 383
274 381
278 378
280 375
280 370
282 364
282 359
275 349
271 345
265 340
259 335
249 328
245 325
242 323
240 322
237 321
237 321
239 321
241 320
245 320
249 320
256 320
264 318
278 317
284 314
290 312
295 309
299 304
302 299
304 292
304 286
299 274
296 269
292 264
288 259
283 254
278 250
271 245
268 241
265 239
261 238
260 238
257 237
.PEN_UP
.SEGMENT CHARACTER 81-82 ? "4"
.PEN_DOWN
238 363
236 360
233 356
231 351
225 342
223 337
223 331
220 325
220 314
220 310
220 305
224 301
227 298
231 295
238 293
243 293
248 295
256 296
264 299
273 301
293 305
303 306
312 308
320 309
331 311
335 311
337 312
339 312
339 312
339 312
.PEN_UP
.PEN_DOWN
229 388
229 388
229 388
229 387
229 381
229 376
229 370
229 363
226 355
226 342
226 328
224 315
222 292
222 284
222 275
222 268
222 263
222 256
222 253
220 251
220 249
220 249
222 249
225 248
228 250
.PEN_UP
.SEGMENT CHARACTER 83 ? "5"
.PEN_DOWN
323 386
323 386
323 386
325 386
325 384
321 383
317 381
311 378
305 376
300 372
294 370
287 368
272 361
266 357
259 352
254 349
248 346
241 343
236 341
234 338
231 336
231 336
228 335
228 335
228 334
230 334
230 332
230 332
230 332
233 330
233 330
233 329
235 327
237 327
239 325
240 325
242 324
244 321
247 320
248 319
248 319
252 315
254 312
255 311
259 308
263 308
266 307
270 307
279 307
283 307
286 307
291 307
294 307
298 307
303 305
307 303
313 301
317 300
321 298
323 296
326 291
324 287
324 281
322 276
316 264
313 258
308 253
302 247
296 243
287 238
279 234
268 228
262 227
258 225
254 225
247 225
245 228
.PEN_UP
.SEGMENT CHARACTER 84 ? "6"
.PEN_DOWN
264 369
262 362
259 354
256 345
249 324
245 313
242 302
241 292
236 272
236 263
234 255
234 249
238 244
241 242
246 240
253 239
260 241
270 244
280 248
290 255
306 264
312 270
316 274
320 279
321 285
321 291
321 298
319 303
314 310
310 310
304 310
299 309
291 305
283 300
277 294
270 289
263 279
261 276
263 273
264 270
266 266
.PEN_UP
.SEGMENT CHARACTER 85 ? "7"
.PEN_DOWN
233 379
233 379
233 378
235 378
235 376
239 374
241 373
243 373
249 370
254 370
260 370
266 370
283 373
293 375
302 378
311 380
320 381
330 384
339 385
346 387
353 390
358 390
362 391
363 391
363 391
363 391
361 391
361 391
361 388
359 386
357 383
354 381
353 378
349 374
344 369
343 363
339 359
336 353
334 347
330 341
326 334
322 326
320 317
316 308
312 293
311 287
309 283
307 279
305 273
305 272
305 270
305 269
306 266
306 266
306 266
306 266
306 266
306 267
308 267
311 267
315 271
.PEN_UP
.SEGMENT CHARACTER 86 ? "8"
.PEN_DOWN
311 424
306 424
300 422
295 421
289 419
283 415
277 412
270 407
265 401
261 395
256 389
254 383
254 373
256 369
257 365
260 361
263 357
267 352
272 346
278 341
287 332
291 327
294 322
296 317
299 313
299 309
299 305
299 300
293 294
291 292
288 290
284 289
275 287
270 287
267 287
263 288
258 291
255 293
254 297
255 306
255 309
257 312
259 322
263 327
266 333
270 338
279 348
283 353
287 358
292 362
296 366
301 369
307 372
312 376
322 383
327 385
331 387
336 389
342 394
345 396
347 399
348 402
.PEN_UP
.SEGMENT CHARACTER 87 ? "9"
.PEN_DOWN
321 411
318 411
313 412
308 412
299 408
293 406
288 403
282 399
271 391
267 387
263 383
260 377
256 368
256 364
256 360
256 356
259 351
260 349
262 349
264 348
272 348
275 349
279 350
283 352
286 354
290 357
294 360
297 363
301 366
302 368
304 369
305 370
305 370
305 369
305 367
305 364
304 360
301 353
298 345
294 336
286 319
282 312
278 305
274 298
271 291
270 285
268 278
268 272
265 268
.PEN_UP
.SEGMENT CHARACTER 0 ? "."
.SEGMENT CHARACTER 88 ? ","
.PEN_DOWN
210 383
211 379
213 374
215 368
217 356
217 350
217 344
217 337
215 331
211 323
207 315
204 307
201 300
198 295
195 289
192 285
.PEN_UP
.SEGMENT CHARACTER 89 ? "/"
.PEN_DOWN
216 510
212 500
208 491
204 482
199 472
194 462
188 452
184 442
175 428
173 422
.PEN_UP
.SEGMENT CHARACTER 90 ? "-"
.PEN_DOWN
163 507
164 507
165 505
168 504
171 503
176 503
182 501
191 501
200 503
219 506
229 507
240 509
250 512
267 517
275 520
282 523
287 525
296 526
299 526
302 525
302 524
.PEN_UP
.SEGMENT CHARACTER 91-92 ? ";"
.PEN_DOWN
198 449
198 449
198 449
197 449
198 449
200 451
201 453
203 455
206 459
208 461
210 461
212 463
213 465
213 465
213 466
213 466
214 466
214 468
216 469
216 470
217 471
217 471
218 471
218 472
218 472
218 472
216 472
216 471
216 469
216 467
.PEN_UP
.PEN_DOWN
211 356
211 349
209 343
207 336
205 325
204 320
202 315
.PEN_UP
.SEGMENT CHARACTER 93-94 ? ":"
.PEN_DOWN
225 482
225 482
225 482
225 484
227 486
228 488
230 492
233 494
236 496
240 500
242 502
245 504
247 506
251 509
251 509
252 509
252 511
252 511
252 511
252 511
252 509
251 507
.PEN_UP
.PEN_DOWN
231 417
231 417
231 417
231 417
231 418
233 418
233 420
236 420
240 423
242 423
243 423
245 425
245 425
247 426
247 426
247 426
248 426
247 426
247 426
249 425
249 426
249 426
247 426
247 426
247 424
245 422
244 420
240 417
237 415
236 413
233 412
230 411
229 409
227 409
226 409
226 407
226 407
226 407
226 407
.PEN_UP
.SEGMENT CHARACTER 95-97 ? "A"
.PEN_DOWN
212 539
212 540
212 540
212 540
212 540
212 539
213 539
213 539
213 539
213 539
213 539
213 539
212 539
212 539
213 539
213 539
211 540
211 540
211 540
211 540
211 540
211 540
211 540
211 539
211 539
209 539
209 537
206 535
205 535
204 534
204 532
204 532
204 532
204 532
204 532
202 532
202 531
202 531
202 531
204 531
204 531
204 530
204 530
.PEN_UP
.PEN_DOWN
200 523
200 521
198 519
198 517
198 515
198 511
199 506
199 501
198 497
198 487
198 483
198 478
196 473
195 469
193 464
193 457
193 452
191 447
191 441
189 436
187 430
185 425
184 420
183 417
182 415
180 412
180 412
180 412
180 412
180 412
180 412
182 412
182 413
182 416
180 417
180 419
180 421
180 422
183 425
185 427
185 431
185 435
188 438
190 443
191 448
193 457
195 460
195 466
195 472
196 478
196 486
196 494
196 501
196 514
196 519
196 524
196 529
196 533
198 536
198 540
198 544
198 545
199 545
199 545
199 546
199 546
199 546
199 546
199 545
199 545
201 545
203 542
209 537
213 533
217 530
220 525
225 519
230 514
236 507
246 494
250 488
254 482
257 475
262 466
267 457
272 449
276 442
280 437
284 432
286 427
289 423
294 419
295 417
296 417
296 416
296 416
296 417
296 417
296 418
.PEN_UP
.PEN_DOWN
182 482
186 483
191 483
196 485
204 486
209 486
213 488
215 488
.PEN_UP
.SEGMENT CHARACTER 98-100 ? "B"
.PEN_DOWN
219 505
220 497
221 488
223 480
223 471
225 455
225 448
227 442
227 436
227 431
227 425
227 420
227 417
227 414
228 413
228 412
228 410
.PEN_UP
.PEN_DOWN
253 555
259 552
264 548
267 544
270 540
272 535
272 529
272 524
270 520
266 515
.PEN_UP
.PEN_DOWN
319 463
319 457
317 452
314 448
307 439
302 435
298 431
292 428
287 425
281 424
273 423
267 423
261 426
254 429
248 433
242 436
237 440
232 443
230 446
228 450
226 451
.PEN_UP
.SEGMENT CHARACTER 101 ? "C"
.PEN_DOWN
290 543
290 544
290 546
290 549
290 551
290 553
287 557
285 560
280 564
278 565
274 565
270 567
266 567
259 567
252 564
245 562
231 556
226 553
222 549
218 546
215 542
213 535
211 530
207 523
205 509
205 502
207 496
208 490
210 483
214 477
218 470
222 462
229 456
234 451
240 448
247 446
253 446
258 446
266 449
274 453
282 457
290 461
299 465
305 469
311 473
317 475
319 478
321 479
323 479
.PEN_UP
.SEGMENT CHARACTER 102-103 ? "D"
.PEN_DOWN
219 557
219 550
221 542
223 535
226 520
226 513
227 506
227 498
229 490
229 481
229 472
229 463
229 456
227 450
227 444
227 438
227 434
227 430
227 428
227 428
227 426
230 426
230 429
230 430
230 437
230 441
231 447
.PEN_UP
.PEN_DOWN
193 567
196 569
198 570
200 571
204 573
208 574
212 574
216 576
223 576
229 576
235 574
248 570
254 569
260 567
267 563
273 560
279 555
287 549
296 536
298 530
300 525
303 518
303 510
304 501
304 491
301 475
299 467
296 460
294 452
291 443
288 434
283 426
276 419
267 406
264 402
261 400
258 399
254 399
252 399
248 400
244 404
240 407
234 412
229 417
226 421
.PEN_UP
.SEGMENT CHARACTER 104-106 ? "E"
.PEN_DOWN
216 532
216 526
219 518
219 509
221 501
222 489
222 479
222 471
222 462
222 457
222 452
222 446
222 440
220 438
220 438
220 438
220 438
220 438
220 438
222 438
222 440
222 441
226 443
230 446
232 448
237 450
243 453
248 456
260 458
265 458
271 459
277 460
283 460
289 462
294 462
300 462
305 462
308 463
311 463
313 463
315 465
315 465
315 465
315 465
.PEN_UP
.PEN_DOWN
165 578
171 580
177 582
183 585
200 592
209 597
219 600
228 603
237 607
250 610
259 614
268 617
283 621
288 623
293 624
296 624
301 625
302 625
302 625
303 625
.PEN_UP
.PEN_DOWN
193 531
197 531
203 531
209 531
223 535
231 537
238 540
246 543
254 546
264 551
273 555
.PEN_UP
.SEGMENT CHARACTER 107-108 ? "F"
.PEN_DOWN
200 589
200 587
200 587
200 585
198 582
198 576
201 568
201 559
204 549
204 537
207 525
210 512
212 491
212 481
212 473
213 465
213 458
215 452
215 446
215 441
217 436
217 436
217 436
217 436
217 436
218 438
218 440
221 443
223 453
225 459
225 465
225 473
225 480
223 492
221 505
220 518
215 539
214 547
212 552
209 557
208 561
205 565
200 567
198 569
193 572
191 572
190 573
190 573
190 573
190 575
190 575
191 575
193 575
200 576
206 577
211 577
217 578
229 581
236 583
245 585
252 588
259 590
268 593
275 596
282 599
289 602
292 603
297 603
299 605
299 605
299 604
297 604
.PEN_UP
.PEN_DOWN
187 507
191 507
197 508
203 509
214 512
226 515
235 521
251 529
258 533
266 536
274 539
281 541
288 542
.PEN_UP
.SEGMENT CHARACTER 109 ? "G"
.PEN_DOWN
243 582
243 583
243 583
244 584
244 585
242 587
241 588
239 588
237 588
234 588
231 588
227 586
223 586
218 584
215 582
209 579
203 574
194 564
190 558
187 552
183 547
179 532
177 524
175 516
175 508
175 492
176 484
178 477
180 471
186 459
189 455
193 452
198 449
204 448
212 446
219 445
227 445
240 448
246 451
250 453
254 455
258 458
258 461
261 464
263 468
263 473
263 477
260 483
257 487
250 495
247 498
245 502
241 505
236 508
234 508
231 509
230 509
227 508
227 508
226 506
226 506
226 505
228 503
229 502
231 500
238 499
242 499
247 498
253 498
266 501
273 505
280 508
288 512
302 519
307 521
313 524
317 527
322 529
324 529
324 530
324 530
322 530
.PEN_UP
.SEGMENT CHARACTER 110-112 ? "H"
.PEN_DOWN
257 563
257 560
257 556
257 549
257 535
257 527
255 519
253 511
252 495
252 489
252 482
251 477
251 466
251 461
251 457
251 453
252 448
252 444
252 440
252 436
252 432
252 430
252 430
252 430
.PEN_UP
.PEN_DOWN
295 573
295 570
297 566
297 560
300 555
301 547
303 539
304 530
304 511
305 502
305 495
305 488
305 479
305 471
304 465
304 453
304 450
304 447
304 444
302 441
302 439
302 439
302 439
.PEN_UP
.PEN_DOWN
272 487
278 487
286 487
300 489
.PEN_UP
.SEGMENT CHARACTER 113-115 ? "I"
.PEN_DOWN
243 572
243 570
241 568
239 566
239 562
239 555
240 547
242 538
245 520
245 511
248 503
251 495
251 488
255 482
257 476
257 471
258 461
258 457
260 454
260 451
260 450
260 448
260 446
260 446
.PEN_UP
.PEN_DOWN
206 465
211 465
215 466
221 466
237 466
245 467
254 469
263 471
272 474
284 477
292 481
300 485
310 490
313 492
.PEN_UP
.PEN_DOWN
217 588
229 592
243 595
257 598
269 601
283 605
.PEN_UP
.SEGMENT CHARACTER 116-117 ? "J"
.PEN_DOWN
248 585
248 585
248 585
248 585
251 587
260 591
266 594
271 596
278 598
294 602
302 604
310 608
317 611
325 614
336 617
344 621
353 623
358 626
361 626
364 627
364 627
.PEN_UP
.PEN_DOWN
280 559
280 557
280 554
280 551
280 545
282 541
282 537
284 534
289 524
291 519
293 514
295 509
296 505
297 499
301 492
304 488
307 478
307 474
305 470
304 467
298 460
295 456
292 453
287 450
279 447
274 447
269 445
264 445
251 445
246 446
240 447
236 450
232 454
230 456
230 458
230 459
228 461
228 461
228 461
228 461
.PEN_UP
.SEGMENT CHARACTER 118-119 ? "K"
.PEN_DOWN
239 562
239 560
242 558
242 555
242 552
244 547
244 541
244 533
246 516
246 507
246 499
247 491
247 482
250 471
250 461
248 452
245 437
245 432
245 428
244 425
244 423
243 421
240 421
240 420
.PEN_UP
.PEN_DOWN
283 546
281 541
278 536
275 530
267 517
262 511
258 506
255 501
251 496
247 491
244 487
241 483
239 483
239 481
239 481
241 482
241 481
244 482
247 482
251 482
261 480
266 480
272 477
278 476
291 472
296 469
301 467
307 465
311 463
318 460
325 456
331 453
341 445
345 441
349 436
353 432
357 427
.PEN_UP
.SEGMENT CHARACTER 120 ? "L"
.PEN_DOWN
268 565
268 563
270 562
270 560
270 553
268 548
266 541
266 534
263 517
263 507
261 499
259 490
259 481
258 472
256 464
258 457
260 449
263 447
263 445
263 445
267 445
267 445
270 445
272 447
274 448
280 452
283 454
286 456
290 458
293 460
301 463
305 464
310 467
315 468
320 470
327 472
332 472
337 475
341 476
344 476
346 478
346 478
349 478
349 478
349 478
.PEN_UP
.SEGMENT CHARACTER 121 ? "M"
.PEN_DOWN
233 570
233 567
233 562
233 556
233 550
233 540
231 531
229 521
228 510
227 501
224 492
224 485
222 474
222 470
222 466
222 464
222 462
222 462
222 462
224 462
224 465
224 467
226 470
227 473
230 482
232 487
232 493
235 500
235 513
237 521
238 530
240 539
243 547
247 558
248 566
252 574
256 585
258 588
259 590
259 592
262 593
263 593
265 595
266 595
266 595
269 591
269 589
270 584
273 571
273 563
274 555
274 546
276 532
276 525
276 513
277 511
277 509
279 508
279 506
279 506
281 506
281 506
285 509
290 513
293 519
297 526
302 533
307 542
312 549
322 564
326 570
330 575
333 580
339 585
341 586
341 586
342 585
344 581
344 577
344 573
344 567
344 553
344 545
344 537
344 529
344 513
344 505
344 498
344 491
346 482
346 478
346 475
347 473
346 471
346 471
.PEN_UP
.SEGMENT CHARACTER 122 ? "N"
.PEN_DOWN
291 573
289 573
289 571
289 569
287 560
284 554
282 547
280 539
279 531
276 520
273 508
270 495
268 483
265 473
262 463
261 456
258 446
258 444
258 443
258 443
258 443
258 443
258 447
260 451
262 461
263 468
263 474
265 482
265 490
265 502
267 514
270 526
274 546
277 552
279 558
282 562
285 566
287 570
291 572
291 576
294 578
294 579
296 579
296 578
298 573
298 569
300 564
302 558
303 551
304 542
304 530
306 518
308 507
308 498
312 489
312 481
314 473
316 464
318 461
319 460
321 460
324 462
326 464
328 466
330 470
334 479
334 484
337 490
337 496
339 510
341 518
341 527
341 537
344 558
346 569
348 580
350 590
353 605
353 608
353 611
353 613
351 614
.PEN_UP
.SEGMENT CHARACTER 123 ? "O"
.PEN_DOWN
246 536
245 533
243 530
242 527
239 519
239 515
237 509
237 503
237 498
237 489
238 483
240 476
243 468
247 464
251 460
258 458
274 458
282 460
290 462
297 465
305 469
312 474
319 480
326 487
332 499
332 504
332 510
328 515
326 520
321 527
313 532
305 537
295 540
286 540
276 539
267 537
255 531
250 527
247 521
243 516
240 511
.PEN_UP
.SEGMENT CHARACTER 124 ? "P"
.PEN_DOWN
313 549
313 548
313 548
310 546
308 545
307 543
303 539
302 534
301 529
298 520
298 511
298 503
295 494
295 485
295 477
295 470
295 464
295 459
295 456
295 453
294 449
294 449
294 449
295 449
295 449
296 451
296 452
298 455
298 460
298 468
298 473
298 478
298 485
298 498
296 506
294 514
291 523
290 530
288 539
286 544
286 548
287 553
289 559
289 562
289 565
291 569
292 572
295 576
297 580
299 585
302 589
306 593
311 597
316 599
326 603
331 604
337 604
342 605
348 605
354 603
360 599
367 594
371 581
371 573
369 565
367 557
357 543
354 539
346 530
339 525
332 520
324 518
315 515
305 514
296 514
286 514
273 519
267 523
262 527
.PEN_UP
