.VERSION 1.0
.INCLUDE 	       ncr.doc

.COMMENT               ############
                       ### DATA ###
                       ############
.DATE                  07 19 1993
.WRITER_ID             mchlwltm
.HAND                  L
.SKILL                 ?
.STYLE                 PRINTED
.WRITER_INFO           First name: michele
                       Last name: waltemath
.COMMENT               In this database, segments are letters.

.SEGMENT CHARACTER 0-2 ? "A"
.PEN_DOWN
240 136
240 136
240 136
242 136
241 136
241 137
243 137
241 138
243 141
243 141
243 151
251 130
259 149
252 138
245 157
236 137
240 137
244 136
244 132
244 128
244 118
244 121
241 116
237 118
226 97
226 87
247 81
246 74
242 67
217 65
217 63
219 58
219 53
219 47
217 39
216 31
216 25
211 13
210 8
208 1
206 -4
202 -14
200 -18
200 -24
200 -29
196 -37
196 -42
196 -46
194 -50
194 -55
191 -60
188 -67
187 -75
181 -91
179 -98
179 -103
177 -108
177 -117
175 -121
175 -125
174 -129
172 -131
172 -131
172 -134
172 -134
172 -134
173 -132
173 -130
176 -124
178 -122
180 -120
182 -120
182 -120
186 -122
188 -124
188 -128
191 -134
.PEN_UP
.PEN_DOWN
259 130
259 131
259 131
260 131
263 128
265 128
267 126
269 124
273 117
275 112
276 108
278 103
280 98
282 93
284 86
284 82
285 72
285 68
287 62
288 56
292 43
294 36
295 30
295 23
297 12
299 6
302 0
303 -7
305 -14
306 -23
308 -32
311 -41
320 -58
323 -66
326 -73
328 -79
333 -91
336 -96
337 -101
341 -108
343 -114
346 -122
350 -130
351 -136
353 -144
353 -147
353 -150
353 -151
355 -153
356 -153
356 -153
356 -155
353 -153
353 -151
351 -146
351 -141
.PEN_UP
.PEN_DOWN
325 -54
325 -55
323 -55
323 -55
318 -58
316 -58
310 -56
303 -54
296 -51
284 -49
273 -47
260 -43
247 -40
238 -38
228 -35
218 -35
211 -34
205 -34
199 -35
196 -35
192 -39
190 -39
190 -39
190 -39
190 -39
190 -40
192 -39
194 -38
200 -37
204 -38
208 -39
213 -43
.PEN_UP
.SEGMENT CHARACTER 3-4 ? "B"
.PEN_DOWN
204 131
204 129
206 128
206 126
210 120
210 118
213 115
213 112
213 105
210 100
210 94
207 87
203 69
203 56
201 43
200 29
200 2
200 -12
197 -25
197 -39
196 -50
193 -62
191 -72
187 -80
184 -88
183 -96
181 -103
181 -111
181 -117
181 -121
181 -124
182 -125
182 -125
184 -125
186 -124
190 -121
196 -110
200 -103
.PEN_UP
.PEN_DOWN
216 114
216 114
217 114
217 114
219 114
221 114
223 115
226 115
227 118
230 119
233 120
237 122
245 122
251 122
256 122
262 123
269 123
278 123
288 122
297 118
308 116
317 111
325 106
332 101
342 94
345 91
348 89
350 86
350 83
353 78
355 73
355 67
358 60
358 51
356 46
353 43
351 39
347 35
339 28
333 25
327 23
319 20
312 18
302 18
292 18
283 20
273 20
265 20
259 19
253 19
247 21
245 21
243 21
241 21
241 21
239 22
239 22
239 22
237 23
237 23
239 21
241 21
246 19
249 19
252 18
254 16
263 14
267 13
272 11
276 9
282 7
286 5
291 3
300 -2
305 -6
309 -8
314 -11
321 -17
325 -19
330 -23
332 -26
339 -35
339 -40
342 -46
342 -53
345 -69
345 -77
345 -84
345 -91
343 -103
340 -108
337 -114
333 -118
329 -122
324 -128
317 -131
309 -135
294 -140
288 -142
283 -143
278 -145
269 -147
264 -147
258 -145
253 -141
247 -136
240 -129
235 -120
229 -111
226 -98
226 -95
226 -93
226 -93
230 -95
234 -97
236 -98
241 -102
246 -105
250 -109
255 -112
.PEN_UP
.SEGMENT CHARACTER 5 ? "C"
.PEN_DOWN
313 92
313 92
311 89
311 87
309 78
309 73
309 67
309 61
312 51
312 48
312 45
312 44
312 42
312 42
312 42
310 42
310 45
310 46
310 48
310 50
310 52
309 56
309 62
309 67
309 77
306 80
304 84
302 89
296 96
294 99
290 102
287 103
284 103
279 102
276 98
270 94
264 85
260 80
257 75
252 70
243 60
238 55
234 52
230 48
226 43
223 36
219 28
216 20
212 5
211 -2
211 -9
211 -15
211 -21
211 -31
214 -35
214 -39
215 -44
215 -49
215 -55
217 -61
217 -69
220 -74
223 -80
227 -85
231 -90
237 -96
239 -98
242 -99
246 -101
255 -103
261 -103
269 -106
278 -108
296 -111
305 -113
314 -113
320 -112
335 -108
342 -104
348 -100
352 -95
359 -85
361 -81
363 -78
364 -76
364 -76
364 -76
364 -76
362 -76
359 -78
356 -80
354 -81
350 -83
345 -86
.PEN_UP
.SEGMENT CHARACTER 6-7 ? "D"
.PEN_DOWN
230 80
230 79
232 79
232 77
232 74
232 72
230 70
229 67
229 64
228 55
228 48
228 41
226 34
224 17
224 7
224 -3
224 -13
224 -34
224 -45
222 -56
222 -66
218 -77
215 -88
212 -96
209 -103
208 -107
206 -108
205 -109
205 -109
205 -108
208 -101
211 -96
215 -91
218 -86
221 -81
.PEN_UP
.PEN_DOWN
243 103
243 106
242 108
242 110
242 111
242 111
244 111
246 111
246 111
247 110
251 107
253 103
258 99
268 90
273 86
280 83
286 79
293 75
302 70
311 65
318 60
325 55
330 50
334 44
341 38
347 33
360 21
365 16
369 9
372 3
375 -3
375 -12
375 -20
375 -28
369 -44
366 -51
361 -59
357 -67
352 -73
343 -83
334 -91
323 -99
303 -111
294 -115
283 -118
273 -119
256 -123
249 -123
244 -122
239 -121
235 -121
231 -119
228 -116
225 -113
224 -105
224 -103
225 -102
226 -102
226 -102
226 -102
230 -103
236 -105
241 -107
244 -107
.PEN_UP
.SEGMENT CHARACTER 8-9 ? "E"
.PEN_DOWN
342 93
342 91
344 90
345 89
345 89
345 89
344 89
342 89
338 91
335 92
332 92
328 92
324 94
319 94
314 94
308 94
302 93
295 93
290 90
283 88
272 85
266 84
261 84
254 82
248 82
242 82
236 80
232 78
226 73
225 70
225 67
223 62
223 57
224 52
224 47
224 43
224 37
224 34
222 31
222 26
220 22
218 16
217 10
215 5
213 -5
212 -7
212 -9
212 -11
212 -13
212 -13
213 -13
213 -14
217 -16
218 -18
220 -21
222 -24
225 -33
225 -39
228 -44
229 -49
232 -54
233 -60
233 -63
231 -64
230 -66
230 -71
228 -73
228 -77
227 -80
225 -88
225 -92
224 -95
224 -99
222 -105
222 -106
222 -108
222 -108
222 -110
222 -110
222 -112
221 -113
221 -116
221 -118
221 -118
221 -119
221 -119
221 -119
221 -119
223 -119
229 -118
234 -116
240 -113
246 -110
262 -103
269 -100
278 -96
285 -93
293 -93
302 -93
308 -96
315 -99
319 -102
322 -105
325 -109
325 -109
325 -111
324 -110
322 -109
319 -107
.PEN_UP
.PEN_DOWN
341 4
343 4
343 4
344 4
344 5
344 5
340 7
336 7
332 7
328 6
324 3
319 0
310 -5
303 -8
298 -10
293 -12
286 -13
273 -14
266 -14
259 -14
252 -14
246 -13
239 -13
233 -13
229 -13
225 -13
225 -13
223 -11
223 -11
226 -11
227 -11
229 -13
232 -13
235 -13
241 -13
245 -13
.PEN_UP
.SEGMENT CHARACTER 10-11 ? "F"
.PEN_DOWN
379 119
379 119
379 119
379 117
381 114
382 113
382 111
382 110
382 108
379 106
374 106
366 103
350 100
341 98
333 97
325 94
308 88
299 87
290 86
282 86
275 83
267 80
261 76
255 71
249 62
246 55
246 49
246 41
246 33
248 24
248 14
248 5
245 -10
242 -16
239 -24
237 -31
234 -39
231 -49
228 -57
227 -66
224 -79
224 -83
224 -87
224 -90
225 -91
225 -91
225 -93
226 -93
224 -100
222 -103
219 -108
219 -112
217 -122
217 -128
219 -131
221 -134
224 -134
226 -132
229 -128
232 -121
.PEN_UP
.PEN_DOWN
368 2
368 0
369 -2
369 -5
367 -12
364 -15
360 -19
355 -22
345 -29
341 -31
336 -34
330 -34
316 -34
307 -34
301 -34
292 -32
284 -31
275 -29
264 -29
255 -28
241 -31
237 -32
234 -34
234 -34
233 -34
233 -34
233 -34
233 -34
236 -33
238 -33
241 -31
244 -31
247 -28
.PEN_UP
.SEGMENT CHARACTER 12-13 ? "G"
.PEN_DOWN
363 63
363 63
363 63
361 63
358 63
357 63
352 61
344 59
338 57
331 55
324 51
318 49
300 45
290 43
280 41
272 38
264 35
250 30
243 27
238 23
233 19
226 9
223 4
223 -2
219 -7
219 -13
219 -22
217 -30
217 -39
216 -47
214 -55
214 -63
212 -69
210 -76
210 -82
210 -88
210 -96
212 -102
216 -113
218 -116
219 -119
221 -121
226 -125
227 -127
231 -128
234 -130
237 -132
241 -135
245 -138
250 -141
259 -143
265 -144
270 -144
276 -144
287 -143
291 -141
297 -139
301 -137
309 -128
312 -124
315 -117
316 -111
318 -104
318 -95
318 -89
318 -83
315 -74
315 -70
313 -67
311 -65
309 -64
306 -64
306 -62
303 -62
300 -61
299 -61
299 -61
298 -62
298 -62
298 -64
298 -64
.PEN_UP
.PEN_DOWN
410 -32
410 -32
410 -31
410 -31
404 -29
399 -29
394 -31
388 -31
381 -33
371 -35
358 -35
347 -37
323 -35
313 -35
304 -34
297 -34
286 -36
281 -36
276 -36
272 -38
268 -38
265 -41
263 -41
261 -41
258 -41
258 -41
258 -42
258 -42
258 -42
258 -42
258 -42
258 -43
262 -46
265 -49
270 -50
.PEN_UP
.SEGMENT CHARACTER 14-16 ? "H"
.PEN_DOWN
239 97
237 97
237 94
237 92
237 88
241 82
241 76
244 69
245 58
246 52
246 46
246 39
245 23
241 16
240 7
238 -2
235 -12
235 -24
235 -36
233 -48
231 -67
231 -75
230 -81
230 -94
230 -100
230 -105
230 -110
230 -116
230 -117
230 -119
231 -117
231 -117
231 -117
231 -117
231 -117
231 -117
231 -116
231 -116
231 -116
.PEN_UP
.PEN_DOWN
345 119
343 116
343 114
340 109
338 97
338 89
338 81
338 70
338 60
340 47
341 33
341 19
342 4
342 -10
342 -22
342 -36
340 -47
340 -58
340 -69
340 -79
340 -97
341 -104
341 -110
341 -115
339 -123
339 -127
338 -130
338 -132
335 -134
335 -134
335 -134
334 -134
334 -132
333 -126
.PEN_UP
.PEN_DOWN
352 -9
352 -11
351 -14
346 -18
341 -19
336 -19
330 -21
314 -19
305 -16
296 -12
287 -8
277 -4
267 -2
259 2
251 4
244 4
243 3
242 3
242 1
242 -1
244 -3
244 -8
247 -11
249 -15
251 -15
253 -17
254 -17
.PEN_UP
.SEGMENT CHARACTER 17 ? "I"
.PEN_DOWN
282 103
282 103
282 103
282 103
282 102
282 100
281 98
279 95
279 91
276 85
275 78
275 71
275 61
273 56
273 51
272 46
270 33
268 26
268 19
265 12
265 5
265 -5
265 -14
265 -23
263 -32
262 -40
264 -50
262 -58
261 -76
258 -83
258 -89
261 -95
261 -100
261 -103
259 -107
259 -111
259 -115
260 -120
260 -126
260 -132
260 -139
262 -151
262 -155
262 -158
262 -160
262 -160
263 -160
263 -158
263 -156
263 -143
263 -134
265 -127
266 -119
271 -107
.PEN_UP
.SEGMENT CHARACTER 18-19 ? "J"
.PEN_DOWN
361 99
361 96
361 94
364 89
370 78
371 74
371 71
371 69
371 69
372 69
371 71
368 73
363 77
361 79
357 82
352 83
346 85
339 86
334 86
327 86
323 85
315 83
306 83
299 82
289 84
281 85
271 86
262 86
251 87
241 87
233 86
224 86
213 85
209 85
207 83
205 80
203 78
203 75
200 73
198 71
192 68
192 68
192 68
192 67
191 67
191 67
192 67
194 69
200 71
200 72
202 72
.PEN_UP
.PEN_DOWN
293 64
293 62
296 61
296 60
296 60
297 59
296 61
295 62
290 67
288 67
288 70
287 70
287 70
285 70
285 67
285 64
290 54
293 49
296 43
298 37
300 31
304 24
307 17
310 11
311 5
311 -2
313 -10
315 -18
315 -28
319 -40
319 -49
321 -59
322 -67
322 -72
320 -76
316 -80
305 -83
299 -84
292 -84
286 -84
270 -86
263 -88
255 -89
247 -90
238 -92
233 -92
231 -90
227 -89
224 -87
220 -82
215 -78
210 -71
204 -65
199 -62
197 -58
194 -55
192 -55
191 -55
191 -55
191 -54
191 -51
191 -47
191 -43
191 -37
193 -34
193 -31
195 -29
195 -27
195 -27
197 -28
199 -30
.PEN_UP
.SEGMENT CHARACTER 20-21 ? "K"
.PEN_DOWN
288 119
288 121
288 122
289 122
289 122
288 123
288 123
288 121
288 117
288 112
288 106
290 97
293 76
294 64
294 51
296 38
296 8
296 -8
294 -23
292 -38
290 -52
287 -67
283 -82
280 -94
275 -112
273 -118
271 -123
271 -128
268 -132
266 -135
268 -139
268 -140
270 -142
270 -142
272 -142
273 -142
277 -139
279 -136
279 -133
281 -128
.PEN_UP
.PEN_DOWN
434 119
434 119
432 119
429 119
427 117
424 115
419 113
417 112
412 111
407 111
403 109
396 109
389 107
374 105
367 102
359 99
351 94
340 82
336 74
332 67
330 60
329 53
329 44
329 38
330 30
332 23
334 17
334 9
338 2
340 -3
341 -10
343 -17
343 -22
344 -35
344 -39
347 -44
349 -47
351 -50
356 -54
358 -56
360 -59
363 -65
364 -68
364 -72
364 -76
364 -88
365 -92
365 -97
367 -101
367 -105
367 -111
369 -113
369 -115
372 -115
374 -115
374 -115
376 -116
376 -118
376 -118
376 -118
376 -118
372 -119
.PEN_UP
.SEGMENT CHARACTER 22 ? "L"
.PEN_DOWN
347 122
347 123
345 124
345 124
345 125
342 124
342 122
341 119
338 110
337 104
337 98
337 90
337 82
337 70
334 58
331 45
327 34
322 23
317 11
311 2
301 -19
296 -27
294 -37
291 -44
291 -52
289 -61
287 -69
287 -77
287 -83
287 -89
286 -94
285 -98
285 -102
283 -107
283 -108
283 -109
283 -111
283 -111
281 -111
281 -111
281 -109
284 -108
286 -107
291 -105
294 -103
302 -100
316 -98
324 -98
331 -100
338 -103
344 -106
352 -110
359 -114
366 -119
377 -123
380 -124
383 -124
384 -124
386 -126
386 -126
384 -124
382 -121
.PEN_UP
.SEGMENT CHARACTER 23 ? "M"
.PEN_DOWN
296 92
296 94
298 95
298 96
300 96
300 96
298 96
298 95
298 94
301 84
301 75
301 65
301 54
301 30
299 17
299 5
299 -8
298 -20
296 -35
294 -50
291 -64
287 -78
284 -90
280 -101
277 -112
275 -120
272 -130
272 -132
271 -134
271 -135
271 -136
271 -136
271 -136
271 -136
270 -138
270 -139
271 -139
271 -139
272 -135
272 -132
272 -127
274 -121
274 -113
277 -101
281 -86
285 -70
298 -33
305 -15
312 5
319 22
329 48
334 56
335 63
338 68
341 77
343 79
345 82
348 84
354 88
355 89
357 89
360 89
362 88
366 84
368 78
370 71
371 61
373 49
373 35
373 24
370 4
369 -4
367 -12
367 -17
365 -23
365 -25
365 -25
365 -25
365 -25
367 -23
369 -19
371 -16
376 -7
378 -2
381 4
385 12
394 28
397 38
402 48
407 59
419 78
424 86
429 93
433 97
440 101
442 101
445 101
447 101
450 97
450 94
450 89
448 85
444 73
442 66
440 58
437 49
433 32
432 23
429 13
429 2
427 -23
427 -36
429 -50
429 -61
429 -74
429 -89
429 -99
429 -109
426 -118
426 -122
423 -123
423 -126
423 -127
422 -127
422 -127
422 -127
422 -128
422 -128
422 -128
420 -128
420 -126
.PEN_UP
.SEGMENT CHARACTER 24 ? "N"
.PEN_DOWN
291 80
291 80
291 79
291 78
291 73
291 68
291 63
291 54
289 33
289 20
289 6
289 -8
286 -35
283 -49
279 -75
279 -80
277 -87
276 -95
274 -105
271 -113
270 -117
268 -123
268 -127
268 -128
268 -128
268 -128
268 -125
268 -121
268 -115
268 -110
273 -95
273 -86
277 -76
280 -64
287 -35
291 -18
296 0
299 19
304 37
309 66
313 76
315 84
317 91
321 100
323 102
326 105
328 106
329 106
329 108
331 107
331 106
333 101
333 96
335 89
335 81
335 70
339 54
341 39
342 21
346 -8
348 -21
351 -32
354 -43
357 -62
358 -71
358 -81
358 -89
361 -98
361 -109
361 -116
362 -124
366 -132
366 -134
367 -134
367 -136
369 -134
372 -132
372 -128
372 -123
372 -109
372 -100
372 -91
372 -80
375 -56
378 -42
382 -26
386 -10
398 28
404 44
408 60
412 72
414 83
416 92
417 98
417 101
417 103
417 103
419 103
417 103
.PEN_UP
.SEGMENT CHARACTER 25 ? "O"
.PEN_DOWN
392 89
392 91
392 91
392 93
389 94
387 94
384 96
379 96
367 93
361 88
355 82
348 75
331 54
323 42
314 28
306 14
294 -15
288 -29
285 -43
283 -55
283 -77
283 -86
283 -94
283 -101
289 -112
294 -118
300 -121
307 -126
314 -129
325 -132
338 -134
348 -136
360 -136
369 -136
378 -132
385 -127
398 -113
402 -106
406 -95
410 -83
414 -70
418 -50
421 -31
421 -12
417 18
412 28
405 37
398 46
386 59
379 65
374 69
369 71
362 76
358 77
355 79
352 81
348 82
346 82
345 82
345 82
.PEN_UP
.SEGMENT CHARACTER 26-27 ? "P"
.PEN_DOWN
312 106
312 104
312 102
312 95
318 79
321 68
322 56
324 43
324 15
325 2
325 -11
323 -24
316 -48
311 -61
307 -73
302 -86
295 -108
292 -120
290 -130
288 -140
288 -148
288 -155
290 -161
290 -164
296 -161
297 -155
300 -147
302 -139
.PEN_UP
.PEN_DOWN
325 97
326 99
326 101
326 103
329 106
331 110
336 114
341 117
354 119
361 119
370 117
380 112
401 101
410 94
419 90
428 84
443 75
449 70
453 65
457 61
460 57
461 51
461 46
459 39
450 28
442 23
432 18
421 14
395 8
382 7
368 7
355 5
334 7
326 7
321 8
317 8
312 11
310 13
310 15
310 18
313 21
.PEN_UP
.SEGMENT CHARACTER 28-29 ? "Q"
.PEN_DOWN
390 88
390 89
390 89
390 90
390 91
387 91
387 91
383 91
377 87
369 85
363 81
354 76
335 65
323 58
312 51
301 42
282 24
272 16
263 6
255 -2
247 -10
242 -21
238 -31
235 -41
236 -60
241 -71
246 -80
252 -90
260 -99
270 -107
281 -115
293 -122
305 -130
316 -134
330 -139
341 -142
364 -144
371 -144
379 -142
386 -139
398 -125
403 -116
406 -104
409 -92
410 -76
410 -36
410 -14
408 8
404 26
394 51
388 60
383 65
377 67
369 69
365 69
362 67
358 67
352 65
345 62
.PEN_UP
.PEN_DOWN
347 -62
348 -62
350 -62
352 -63
356 -65
358 -66
360 -68
363 -70
371 -78
375 -83
380 -91
386 -98
397 -115
402 -124
407 -131
413 -139
423 -149
425 -153
428 -155
432 -157
434 -157
437 -158
439 -158
439 -158
439 -154
439 -151
439 -148
436 -146
.PEN_UP
.SEGMENT CHARACTER 30-32 ? "R"
.PEN_DOWN
277 79
278 77
280 72
282 68
282 55
282 46
282 37
281 25
281 13
279 -1
279 -18
279 -34
279 -66
276 -78
275 -89
273 -99
271 -106
269 -114
265 -118
263 -121
261 -124
260 -124
258 -124
258 -126
258 -126
262 -126
262 -124
.PEN_UP
.PEN_DOWN
279 74
279 78
279 83
277 87
279 93
280 97
284 100
289 103
298 109
303 110
310 111
318 113
334 114
342 114
352 113
362 112
385 108
397 106
408 104
418 101
435 92
439 87
443 82
445 78
442 64
437 57
430 49
422 41
413 34
401 26
390 19
379 15
366 11
356 9
344 9
332 9
311 12
303 15
295 19
287 23
278 29
275 29
.PEN_UP
.PEN_DOWN
356 1
358 1
360 0
362 0
362 -2
365 -6
366 -10
369 -16
379 -33
383 -44
388 -54
393 -64
399 -73
405 -84
409 -95
413 -106
419 -124
419 -128
422 -132
422 -133
423 -136
422 -136
422 -134
420 -134
417 -127
415 -124
413 -119
412 -116
.PEN_UP
.SEGMENT CHARACTER 33 ? "S"
.PEN_DOWN
458 68
454 71
450 72
445 73
441 73
433 72
428 70
423 67
417 65
403 60
392 60
383 59
372 59
350 56
340 54
329 52
319 48
312 43
304 38
299 31
295 27
293 15
294 9
298 4
303 -2
311 -8
322 -16
333 -25
345 -33
359 -43
380 -58
390 -65
398 -71
405 -75
414 -82
415 -84
417 -86
417 -90
413 -97
408 -101
402 -105
396 -110
382 -119
373 -122
365 -124
355 -126
345 -126
327 -122
318 -119
311 -114
304 -111
295 -104
290 -101
288 -97
286 -92
288 -85
289 -81
293 -79
.PEN_UP
.SEGMENT CHARACTER 34-35 ? "T"
.PEN_DOWN
444 74
444 74
442 74
441 74
438 74
432 76
427 76
418 79
400 81
390 81
378 78
367 74
355 70
339 62
322 56
306 50
279 42
270 39
261 38
255 37
249 37
245 37
243 39
242 41
.PEN_UP
.PEN_DOWN
337 34
341 29
345 23
347 17
350 4
348 -3
348 -10
347 -18
344 -35
343 -44
341 -52
341 -62
339 -72
336 -84
335 -96
332 -105
329 -118
327 -120
327 -122
324 -122
323 -121
323 -118
320 -114
320 -103
.PEN_UP
.SEGMENT CHARACTER 36 ? "U"
.PEN_DOWN
295 62
297 62
298 59
298 57
298 51
296 47
296 42
292 36
289 29
285 20
280 9
278 -3
274 -27
274 -38
274 -49
274 -60
278 -82
278 -92
283 -101
287 -107
295 -119
299 -123
303 -124
307 -126
312 -126
319 -124
326 -120
335 -114
350 -100
357 -92
365 -84
375 -75
392 -50
399 -37
404 -22
407 -6
408 24
406 39
403 52
400 63
398 73
394 80
392 85
389 90
386 90
.PEN_UP
.SEGMENT CHARACTER 37 ? "V"
.PEN_DOWN
204 319
204 319
204 319
204 317
206 315
209 313
211 311
217 305
220 300
224 293
228 285
231 276
234 264
236 250
238 236
238 206
238 192
238 176
240 162
240 150
243 135
245 125
245 114
247 103
247 98
249 97
250 95
250 95
252 95
255 93
256 93
261 93
261 93
264 96
266 98
270 101
277 105
282 112
289 120
297 140
303 152
309 165
317 181
333 213
340 227
347 237
353 245
358 251
362 254
363 257
363 258
363 259
360 259
356 259
353 256
.PEN_UP
.SEGMENT CHARACTER 38 ? "W"
.PEN_DOWN
192 286
192 286
192 286
193 275
232 280
230 274
227 278
184 260
186 255
186 247
188 239
188 228
188 217
188 205
188 191
188 179
188 155
188 145
188 134
189 124
189 115
193 104
193 97
194 90
196 86
198 84
200 81
203 79
208 77
210 77
212 79
213 81
216 83
218 88
222 96
225 104
232 124
236 134
240 145
245 156
250 170
256 186
263 200
267 214
271 230
271 234
271 235
271 235
271 237
271 237
268 239
266 239
262 239
261 237
261 237
259 236
257 233
257 231
257 228
257 224
260 214
262 208
263 203
263 197
263 191
263 184
263 177
263 163
262 156
262 150
260 142
260 136
260 128
263 119
266 112
270 98
271 95
273 90
275 88
279 85
279 85
279 84
280 83
280 83
280 83
280 83
282 82
282 82
282 81
282 81
285 81
288 82
290 83
295 88
297 91
301 96
305 101
311 110
316 121
321 132
326 145
331 160
336 177
341 193
346 207
349 218
351 225
354 229
356 231
356 231
356 231
355 231
351 230
.PEN_UP
.SEGMENT CHARACTER 39-40 ? "X"
.PEN_DOWN
386 296
388 296
390 296
390 294
390 292
388 286
385 280
380 272
370 249
362 236
353 221
341 209
329 195
309 179
287 163
266 146
229 119
218 107
208 97
203 88
199 71
199 64
201 60
205 56
214 53
219 53
222 55
227 58
236 67
239 73
.PEN_UP
.PEN_DOWN
240 301
240 301
242 301
242 300
245 294
249 288
253 279
258 269
264 257
271 241
279 225
288 209
297 194
305 182
313 167
324 151
333 136
351 106
359 93
366 81
373 72
379 58
381 55
381 53
378 53
369 58
363 63
355 70
.PEN_UP
.SEGMENT CHARACTER 41-42 ? "Y"
.PEN_DOWN
244 309
244 309
244 309
244 309
244 309
245 309
245 309
247 308
247 307
249 305
252 300
256 294
264 277
268 267
272 257
274 247
277 237
279 224
279 212
280 201
280 183
280 175
282 168
282 162
282 156
283 151
284 149
284 147
284 146
286 146
286 150
.PEN_UP
.PEN_DOWN
369 351
369 351
369 351
370 348
370 345
368 340
365 333
362 324
358 317
356 304
352 290
348 275
344 257
338 242
327 213
322 197
317 183
311 167
299 138
294 124
288 112
284 102
280 93
276 84
274 76
272 69
272 64
272 61
272 61
272 59
269 59
265 59
262 62
262 62
262 62
260 62
262 62
262 64
.PEN_UP
.SEGMENT CHARACTER 43 ? "Z"
.PEN_DOWN
243 284
243 284
242 284
242 282
242 280
244 279
246 278
248 278
253 278
256 278
260 278
265 278
271 278
283 278
297 277
312 277
339 276
351 275
362 272
373 272
383 270
393 269
401 271
405 271
408 271
408 271
404 271
402 271
396 268
388 266
379 260
367 253
354 245
331 229
322 222
313 216
304 210
296 203
286 194
278 186
269 177
262 169
255 161
250 156
244 151
239 143
239 139
239 136
239 133
240 130
242 128
246 125
249 123
253 121
256 119
261 119
265 118
276 117
283 115
290 115
297 113
314 110
324 108
336 106
347 106
357 106
366 106
375 106
380 106
385 106
388 106
388 106
388 106
386 107
386 107
384 109
379 111
377 111
375 111
.PEN_UP
.SEGMENT CHARACTER 44 ? "a"
.PEN_DOWN
326 194
326 194
326 194
326 193
326 193
326 194
323 194
316 194
311 192
305 192
300 187
289 178
284 172
277 167
272 160
266 154
259 145
254 137
249 129
244 114
242 108
242 103
239 98
239 95
239 93
237 91
237 91
237 91
237 89
242 87
247 84
258 80
277 73
286 71
293 70
300 70
306 71
310 73
314 77
316 82
318 97
318 106
318 116
318 126
318 136
320 147
320 156
323 164
323 169
325 169
326 171
326 171
328 170
328 170
328 171
326 171
326 171
325 171
322 171
321 171
319 171
319 170
319 168
320 165
322 162
328 151
331 144
335 138
338 130
344 116
347 110
347 104
349 100
353 90
355 85
358 80
359 76
367 67
370 62
375 57
379 53
386 48
388 48
388 48
388 48
385 54
381 58
378 61
.PEN_UP
.SEGMENT CHARACTER 45-46 ? "b"
.PEN_DOWN
262 294
264 294
266 294
267 293
271 289
272 285
274 282
276 278
276 264
276 257
276 246
274 236
272 226
267 209
263 195
259 178
251 150
248 137
244 126
243 115
242 106
239 96
239 88
237 84
235 79
233 79
233 77
232 77
230 76
230 75
230 75
.PEN_UP
.PEN_DOWN
271 172
271 174
273 177
275 178
282 180
285 180
289 179
294 176
299 174
306 168
314 164
320 159
326 153
328 150
329 147
331 143
331 141
332 134
332 130
334 125
340 111
342 107
344 104
345 96
345 93
343 89
341 86
338 84
334 83
327 83
318 84
297 87
288 88
280 90
274 92
265 93
263 93
260 93
.PEN_UP
.SEGMENT CHARACTER 47 ? "c"
.PEN_DOWN
331 185
335 185
337 183
337 180
339 180
339 179
339 179
339 179
337 178
337 176
337 172
336 167
336 156
336 153
338 150
339 147
339 144
339 144
339 144
339 145
339 147
338 151
334 159
331 165
326 172
320 178
315 182
311 185
305 185
302 185
300 182
298 179
296 174
296 166
291 158
288 149
286 140
282 132
279 125
278 118
274 111
274 106
274 100
278 95
283 88
296 78
304 72
310 67
317 62
324 59
330 56
337 55
341 55
350 58
353 59
356 61
359 64
360 66
364 68
366 71
370 73
.PEN_UP
.SEGMENT CHARACTER 48 ? "d"
.PEN_DOWN
371 175
367 175
363 175
359 173
353 171
347 166
337 162
328 156
320 151
315 143
308 135
304 127
296 111
296 104
293 96
293 90
291 84
291 78
291 75
291 72
292 71
294 69
297 69
302 69
309 69
318 71
329 72
340 75
358 80
364 84
372 87
379 93
384 99
389 109
389 122
387 137
384 156
379 174
374 198
369 224
364 249
362 271
361 286
359 298
359 307
359 314
359 319
359 320
359 320
359 320
358 322
358 322
355 324
353 324
348 325
348 324
347 324
347 322
348 313
351 306
353 296
357 286
360 273
363 257
364 243
364 215
364 205
364 193
362 182
362 157
362 142
365 127
367 114
373 89
377 80
381 72
385 67
390 61
390 61
390 61
388 63
386 66
386 71
383 77
.PEN_UP
.SEGMENT CHARACTER 49 ? "e"
.PEN_DOWN
304 131
306 129
309 129
310 129
313 129
316 131
319 131
324 131
332 131
337 132
342 133
348 135
352 136
358 138
362 141
366 143
369 151
369 155
365 158
362 160
358 163
351 167
344 169
335 174
321 178
314 180
309 180
304 180
300 177
298 173
295 166
294 158
293 140
293 133
293 126
293 121
290 111
290 107
288 104
288 101
288 97
290 91
291 88
293 83
296 79
305 68
310 65
317 60
325 57
337 53
344 51
350 51
356 51
371 51
378 51
384 53
388 54
395 54
397 54
400 54
403 54
408 54
408 55
408 55
408 56
408 56
408 60
407 63
406 68
401 77
.PEN_UP
.SEGMENT CHARACTER 50-51 ? "f"
.PEN_DOWN
393 312
389 312
387 310
385 310
383 306
383 303
381 302
380 298
377 296
372 294
366 290
360 288
346 275
340 267
335 258
330 247
326 236
323 221
319 206
316 193
312 167
309 156
306 143
304 130
301 119
298 104
297 92
295 81
298 66
298 62
300 58
301 54
301 52
303 49
303 47
304 46
306 42
308 40
309 36
309 35
309 32
309 30
309 31
307 31
307 32
.PEN_UP
.PEN_DOWN
387 165
387 165
389 163
389 163
390 161
390 161
388 161
387 161
377 160
371 161
362 163
352 165
339 167
322 168
307 168
292 168
272 164
266 161
262 157
260 154
257 150
257 148
254 148
254 148
256 148
256 148
256 149
256 149
256 151
259 152
259 156
259 158
261 161
262 161
.PEN_UP
.SEGMENT CHARACTER 52 ? "g"
.PEN_DOWN
367 140
367 140
367 140
367 140
367 140
367 140
366 141
363 141
358 145
354 145
350 145
343 144
336 141
327 138
317 132
309 128
301 122
295 118
290 111
283 105
278 97
269 84
267 80
265 76
265 72
265 68
263 63
263 59
263 54
266 47
272 44
276 42
280 39
291 34
296 32
301 32
307 30
316 33
322 35
327 38
333 42
337 47
340 53
343 61
346 69
349 78
353 86
354 92
357 97
357 100
357 101
356 103
356 105
352 110
349 113
346 114
343 116
343 116
341 115
341 115
341 113
340 109
340 106
341 102
342 98
346 91
347 87
349 82
350 78
352 72
352 66
352 60
354 47
354 40
356 34
356 27
359 10
359 1
360 -8
360 -15
360 -24
359 -32
357 -41
353 -51
346 -65
342 -70
341 -75
340 -79
335 -87
332 -90
329 -93
327 -95
321 -98
319 -99
315 -99
312 -99
307 -97
302 -95
296 -93
290 -89
281 -84
278 -80
276 -78
273 -74
271 -73
268 -69
268 -69
268 -67
266 -64
266 -60
263 -58
263 -57
.PEN_UP
.SEGMENT CHARACTER 53 ? "h"
.PEN_DOWN
295 269
293 266
292 262
292 256
289 250
287 240
287 228
284 217
283 193
283 182
281 169
280 156
280 143
280 125
278 109
278 93
275 69
274 60
273 51
271 45
269 40
268 35
268 33
266 31
266 29
266 29
264 29
264 29
264 30
267 30
267 32
268 33
268 35
270 35
272 36
272 39
272 41
272 52
270 58
270 65
270 72
272 89
273 99
276 110
278 119
285 132
289 135
294 138
296 139
300 140
304 142
306 142
310 142
311 141
312 138
315 135
316 134
321 128
323 126
325 123
328 120
336 115
340 111
344 108
347 102
354 89
356 82
358 73
358 66
356 52
355 46
355 41
353 37
350 33
349 31
349 31
350 29
353 26
354 26
354 24
354 24
354 23
351 23
351 23
350 25
.PEN_UP
.SEGMENT CHARACTER 54-55 ? "i"
.PEN_DOWN
345 122
345 119
345 117
345 114
345 107
345 103
343 95
343 79
341 70
341 63
339 58
337 52
333 47
329 41
326 34
323 23
323 19
323 15
322 13
324 7
324 6
326 5
326 5
327 3
327 3
327 3
327 3
327 8
.PEN_UP
.PEN_DOWN
347 233
347 231
347 231
347 229
347 229
347 229
347 229
347 229
346 231
346 233
346 234
346 236
343 239
342 239
342 239
.PEN_UP
.SEGMENT CHARACTER 56-58 ? "j"
.PEN_DOWN
354 118
354 117
354 115
356 115
358 109
358 105
358 98
356 91
354 83
353 72
350 62
348 53
346 44
340 32
337 29
336 26
333 25
333 23
333 21
333 21
333 19
335 16
335 12
338 7
340 3
341 -1
343 -4
345 -4
345 -5
.PEN_UP
.PEN_DOWN
356 63
356 61
356 58
356 55
357 53
357 49
357 45
360 40
360 36
365 28
365 25
368 21
370 17
372 8
372 3
372 -1
370 -7
366 -15
363 -20
363 -24
362 -30
359 -35
359 -43
357 -51
355 -60
356 -75
354 -81
354 -86
351 -90
348 -93
345 -94
340 -97
337 -99
332 -100
328 -103
324 -105
318 -105
314 -107
308 -107
307 -107
307 -106
304 -104
301 -102
297 -97
291 -91
283 -84
271 -72
266 -66
263 -61
259 -57
257 -55
257 -52
257 -50
257 -48
259 -47
259 -47
267 -44
270 -44
274 -42
278 -42
284 -40
.PEN_UP
.PEN_DOWN
340 191
340 191
341 191
341 191
341 186
342 182
344 179
344 176
344 173
344 171
342 170
339 170
333 171
328 171
.PEN_UP
.SEGMENT CHARACTER 59-61 ? "k"
.PEN_DOWN
296 283
296 283
298 283
300 279
304 270
304 264
307 256
307 248
308 236
310 221
308 205
308 186
307 169
305 150
305 130
302 113
296 81
293 67
291 54
289 43
286 33
281 16
281 11
279 7
279 4
279 2
279 2
279 1
279 1
279 -1
279 -1
279 -1
277 -1
277 -1
276 3
.PEN_UP
.PEN_DOWN
417 201
420 199
420 197
423 193
427 185
427 180
425 175
422 168
412 158
404 151
396 147
387 141
378 136
366 132
353 128
342 123
326 112
322 107
319 102
316 97
314 93
314 86
311 82
313 78
313 75
314 75
314 75
314 75
315 75
315 75
318 75
319 75
.PEN_UP
.PEN_DOWN
338 97
338 97
338 97
338 99
336 99
338 98
341 96
344 91
358 79
363 69
371 60
377 51
384 41
393 31
399 19
404 8
410 -6
410 -9
410 -11
410 -12
410 -12
413 -12
413 -11
409 -9
407 -6
402 -3
398 2
394 5
.PEN_UP
.SEGMENT CHARACTER 62 ? "l"
.PEN_DOWN
304 268
304 268
307 268
307 268
308 268
308 268
308 268
308 266
308 266
310 266
310 266
310 263
310 249
311 238
311 225
313 210
316 182
316 168
316 155
316 143
314 122
311 111
309 99
307 85
303 59
299 46
296 33
294 22
291 4
291 -1
291 -6
293 -9
293 -10
293 -9
293 -6
291 -1
291 4
293 12
293 20
296 25
.PEN_UP
.SEGMENT CHARACTER 63 ? "m"
.PEN_DOWN
274 161
275 159
278 157
279 154
283 144
283 138
286 130
286 121
285 102
281 92
280 82
277 72
273 62
272 51
268 38
267 26
263 8
263 4
262 0
262 -2
259 -2
259 -2
257 2
257 7
257 22
259 30
262 39
264 47
273 66
278 76
283 86
289 96
292 105
298 113
302 118
305 122
310 122
311 119
311 116
313 112
313 103
313 98
314 95
316 90
317 84
317 79
319 71
319 66
321 57
321 55
321 54
321 54
321 53
321 53
321 53
321 53
321 60
321 64
321 70
324 75
326 81
331 90
336 97
339 106
346 115
350 123
355 131
363 136
367 142
370 144
372 144
372 146
375 144
382 141
385 139
389 136
391 132
393 120
392 112
390 104
390 94
390 84
390 71
390 57
390 43
393 21
395 14
396 9
396 6
396 5
396 5
395 5
395 7
393 9
389 13
386 17
383 21
.PEN_UP
.SEGMENT CHARACTER 64 ? "n"
.PEN_DOWN
293 137
293 135
293 133
293 129
294 119
294 112
293 103
293 94
291 74
288 64
285 54
283 45
278 29
278 22
277 17
277 12
275 8
275 7
274 7
274 7
274 9
274 13
275 20
275 27
279 46
281 54
283 66
287 76
296 97
301 106
304 114
306 120
310 127
312 134
318 140
323 145
331 153
334 153
338 155
342 154
347 151
351 147
354 139
357 132
361 113
363 105
365 95
366 87
369 70
369 61
370 54
370 47
369 32
369 26
366 20
365 14
365 11
362 8
362 7
362 7
360 7
360 8
360 12
360 16
359 27
.PEN_UP
.SEGMENT CHARACTER 65 ? "o"
.PEN_DOWN
379 193
379 193
381 195
381 195
383 193
383 191
380 189
379 185
373 175
368 170
360 163
352 157
331 145
320 141
310 134
302 128
288 115
283 108
279 101
278 92
280 78
282 70
285 64
290 57
304 43
312 37
321 29
331 24
340 20
351 18
360 19
370 20
383 30
387 36
389 43
389 51
390 60
389 81
387 93
385 105
383 114
377 132
372 138
368 146
363 151
355 160
352 164
349 167
349 169
344 169
342 169
341 167
341 166
.PEN_UP
.SEGMENT CHARACTER 66-67 ? "p"
.PEN_DOWN
279 125
279 125
279 125
279 124
279 122
279 118
279 109
279 100
278 75
278 63
278 49
276 35
273 7
270 -6
269 -18
266 -28
263 -37
261 -46
257 -55
257 -62
254 -71
254 -73
254 -73
254 -73
254 -73
254 -73
254 -73
254 -72
253 -70
253 -68
255 -64
.PEN_UP
.PEN_DOWN
294 131
295 135
298 139
301 142
310 147
316 147
323 147
331 143
348 135
357 130
364 125
372 121
383 113
388 111
390 109
392 106
394 104
394 98
391 90
391 80
383 58
379 48
374 38
368 29
356 17
348 13
341 10
333 10
317 12
306 16
297 20
289 25
275 35
270 38
262 43
262 43
.PEN_UP
.SEGMENT CHARACTER 68 ? "q"
.PEN_DOWN
263 300
264 301
266 302
266 302
266 303
266 303
264 305
263 305
259 305
252 304
246 302
242 300
236 297
231 294
224 288
214 281
207 274
199 266
192 258
189 250
184 244
175 232
171 229
168 225
166 223
164 220
164 216
164 212
166 208
174 200
181 197
189 194
199 192
208 190
219 189
231 190
238 191
253 199
259 204
264 212
269 219
273 229
276 240
278 251
278 262
278 269
278 273
278 276
278 278
279 279
279 279
279 279
279 278
279 278
279 278
279 278
279 276
278 271
278 268
275 262
273 257
268 245
265 238
263 231
259 215
259 206
258 196
258 185
263 162
266 150
269 139
269 128
270 109
269 100
267 93
264 85
259 76
256 73
254 70
252 68
252 61
251 60
251 58
252 56
252 55
252 54
254 52
258 52
258 52
258 54
259 54
259 55
259 57
258 57
253 61
250 61
248 63
244 63
244 64
244 64
244 63
247 66
250 68
253 70
259 76
262 79
264 82
264 83
264 86
263 86
261 86
255 86
253 86
250 84
248 82
244 79
244 79
243 79
243 78
243 78
244 78
244 79
243 79
243 79
243 79
243 79
243 79
243 79
243 79
243 81
238 81
235 83
232 85
229 86
225 87
223 87
223 86
223 86
225 86
225 86
226 86
229 84
.PEN_UP
.SEGMENT CHARACTER 69 ? "r"
.PEN_DOWN
238 325
237 323
237 321
237 316
237 301
237 290
239 278
239 267
241 257
240 246
238 237
236 229
233 221
228 216
225 212
221 209
218 207
216 207
216 207
216 206
216 206
216 207
216 210
218 214
218 217
223 221
228 225
233 230
242 242
246 250
248 258
250 269
253 292
257 302
260 312
263 320
265 327
268 333
271 337
276 339
283 341
289 342
296 344
301 344
305 346
309 346
312 346
316 346
317 346
317 346
317 345
316 346
314 344
.PEN_UP
.SEGMENT CHARACTER 70 ? "s"
.PEN_DOWN
333 349
334 349
334 351
334 351
336 351
336 350
334 350
332 350
324 352
318 352
310 350
300 349
281 344
271 340
262 336
254 331
247 326
238 314
235 308
233 303
233 299
236 292
240 288
243 285
249 282
255 279
263 277
273 273
280 270
294 262
299 258
304 254
305 250
307 245
307 241
307 236
305 232
303 227
298 224
296 222
292 220
290 218
285 218
278 218
271 219
261 222
251 227
241 230
232 234
.PEN_UP
.SEGMENT CHARACTER 71-72 ? "t"
.PEN_DOWN
278 448
279 448
281 450
281 450
281 450
281 449
281 449
283 449
285 447
289 444
294 441
298 435
302 428
305 414
305 396
307 376
302 337
299 320
295 303
291 285
286 269
281 251
278 234
275 220
272 201
272 194
270 190
270 187
270 184
270 184
268 184
268 187
266 192
266 198
.PEN_UP
.PEN_DOWN
239 326
239 326
243 326
245 326
254 326
258 323
262 323
269 321
284 318
292 318
301 315
310 315
329 312
343 315
349 317
353 318
357 319
361 322
362 324
362 326
362 326
361 327
360 327
.PEN_UP
.SEGMENT CHARACTER 73 ? "u"
.PEN_DOWN
245 310
245 308
247 306
249 301
251 296
255 286
260 275
264 265
267 253
267 243
268 235
266 226
263 214
263 208
262 204
262 199
262 195
262 191
263 187
266 185
273 181
278 181
284 181
293 184
312 191
321 197
330 203
336 210
350 229
354 239
358 250
361 261
368 283
369 292
369 298
369 303
366 310
363 312
361 312
.PEN_UP
.SEGMENT CHARACTER 74 ? "v"
.PEN_DOWN
307 310
305 310
305 310
305 310
305 310
305 310
305 308
305 306
305 303
307 296
309 287
313 277
316 265
320 253
325 242
328 230
334 214
334 208
337 203
337 197
337 188
338 186
338 184
338 183
338 184
338 184
340 184
340 184
344 184
346 186
350 188
355 192
360 197
366 204
371 214
375 225
380 239
385 257
391 274
398 292
403 307
408 317
412 323
414 327
416 327
416 327
416 327
416 327
.PEN_UP
.SEGMENT CHARACTER 75 ? "w"
.PEN_DOWN
237 318
237 318
237 318
239 319
239 318
241 318
243 316
244 312
246 308
248 300
248 291
250 281
250 269
250 258
250 245
250 231
250 218
250 199
252 191
254 184
256 177
258 167
258 164
258 162
258 161
260 161
260 161
262 161
262 162
262 164
265 170
268 178
272 186
276 196
286 213
292 223
297 232
302 240
307 247
312 252
314 256
314 258
314 259
315 259
315 259
315 259
315 259
315 258
315 256
317 252
319 246
322 236
324 228
326 218
329 201
329 194
329 188
331 180
331 177
331 175
331 175
331 175
334 175
336 176
348 182
356 186
364 190
373 196
387 208
395 215
401 222
410 234
414 240
416 243
418 246
418 249
416 251
416 253
413 253
.PEN_UP
.SEGMENT CHARACTER 76-77 ? "x"
.PEN_DOWN
366 348
369 347
369 344
371 341
371 333
370 330
368 325
364 319
353 305
343 297
332 288
319 279
294 259
283 249
273 240
266 231
257 213
257 210
257 206
257 198
256 196
256 195
256 195
.PEN_UP
.PEN_DOWN
279 340
279 337
281 335
281 330
285 324
290 318
294 309
299 299
305 279
307 270
309 260
311 250
315 230
315 221
319 213
320 206
327 194
330 188
333 186
336 182
342 179
343 178
343 178
345 178
346 178
346 180
.PEN_UP
.SEGMENT CHARACTER 78 ? "y"
.PEN_DOWN
269 345
269 345
269 345
269 344
269 340
272 333
272 325
274 315
276 306
277 296
278 286
277 277
276 268
273 260
272 254
272 248
274 241
277 238
279 238
282 236
291 236
299 236
306 238
314 240
331 248
338 254
344 260
349 268
355 275
360 286
364 298
366 308
368 319
368 323
368 327
369 329
368 329
368 329
368 327
368 327
368 324
366 317
364 310
360 300
353 282
349 271
346 262
343 252
339 232
337 222
334 212
334 202
331 180
331 168
332 157
332 146
330 122
325 111
322 102
318 93
307 79
301 74
294 71
289 69
279 69
273 70
268 72
262 76
254 84
247 92
238 102
.PEN_UP
.SEGMENT CHARACTER 79 ? "z"
.PEN_DOWN
254 307
254 308
254 308
254 308
254 310
254 310
254 310
254 310
258 310
259 310
263 308
267 308
280 306
289 306
297 306
309 304
321 303
333 301
347 299
356 299
364 299
367 299
369 299
369 299
369 299
368 297
368 297
364 294
361 291
354 288
345 283
337 280
328 275
317 269
309 262
298 256
291 250
282 244
272 239
266 234
253 228
251 226
247 224
247 221
245 218
245 218
247 216
249 215
252 213
261 210
269 208
278 206
289 206
296 206
304 205
313 205
320 203
329 199
337 197
344 195
352 192
362 192
364 192
364 192
364 192
367 193
367 195
367 197
367 199
.PEN_UP
.SEGMENT CHARACTER 80 ? "0"
.PEN_DOWN
311 477
311 477
311 477
311 476
312 476
313 473
313 467
313 462
313 453
311 445
309 432
304 419
297 403
291 388
274 362
266 349
259 337
253 325
248 312
245 296
242 282
242 267
242 253
246 242
250 231
253 224
255 217
261 210
265 207
270 205
275 202
280 199
293 196
297 195
302 195
306 195
311 195
318 196
323 199
330 202
338 214
342 222
342 230
343 239
345 251
345 268
346 290
346 313
348 335
348 355
347 372
344 384
337 398
332 402
328 405
322 408
309 415
303 417
297 420
292 422
284 425
283 425
281 425
281 425
281 426
283 426
.PEN_UP
.SEGMENT CHARACTER 81 ? "1"
.PEN_DOWN
315 435
315 435
314 435
315 434
313 433
313 430
316 427
316 421
320 415
323 405
326 395
329 382
332 369
333 354
333 336
333 320
326 291
321 281
318 270
314 261
307 246
303 240
301 235
300 230
300 226
300 221
300 217
302 214
302 211
302 211
302 209
302 209
302 207
302 207
302 210
302 211
305 218
.PEN_UP
.SEGMENT CHARACTER 82 ? "2"
.PEN_DOWN
353 381
353 381
353 380
350 379
347 379
345 379
341 377
337 376
333 376
327 376
324 378
319 381
315 386
312 389
311 391
310 394
310 397
311 399
313 401
318 402
321 401
329 400
340 397
350 395
371 389
378 386
386 382
392 379
398 374
406 367
411 357
417 346
421 322
421 311
420 299
417 288
408 268
401 259
394 250
386 244
378 237
368 230
355 226
344 221
332 219
321 219
310 219
302 222
293 224
288 226
284 231
278 236
276 242
273 250
271 258
271 264
273 268
278 273
282 273
288 271
296 268
312 259
319 255
327 250
333 245
345 241
349 238
354 238
358 235
365 232
368 231
371 229
374 229
374 229
374 229
376 229
376 231
.PEN_UP
.SEGMENT CHARACTER 83 ? "3"
.PEN_DOWN
322 393
322 395
321 395
321 396
319 398
319 399
319 400
319 400
320 401
323 401
326 402
333 402
340 403
350 405
360 405
372 404
394 401
402 398
410 394
416 391
428 383
433 379
437 376
439 371
442 362
442 356
440 352
439 347
435 342
431 337
423 332
412 328
401 324
376 323
365 323
355 323
346 323
334 321
330 321
330 320
328 320
328 318
332 317
335 317
342 314
347 314
355 314
362 312
369 310
382 303
386 298
392 290
398 282
408 265
411 256
414 249
414 243
414 237
414 232
409 226
407 221
395 215
389 215
381 215
375 215
365 218
355 220
346 221
330 228
323 231
318 236
312 241
.PEN_UP
.SEGMENT CHARACTER 84-85 ? "4"
.PEN_DOWN
351 406
352 405
353 403
353 401
353 398
353 395
351 391
351 387
351 382
347 377
345 371
341 365
336 353
333 347
332 340
330 335
330 329
335 323
337 319
341 314
344 308
347 306
349 306
352 306
354 306
358 307
363 307
367 308
378 308
382 308
386 308
389 310
392 310
394 314
394 315
.PEN_UP
.PEN_DOWN
423 435
423 435
423 431
423 427
422 422
418 411
415 401
411 387
406 360
403 346
400 333
394 319
391 307
385 294
380 280
376 268
371 256
366 246
365 238
361 232
361 227
361 225
359 225
359 223
358 225
358 225
358 229
360 231
.PEN_UP
.SEGMENT CHARACTER 86 ? "5"
.PEN_DOWN
408 413
411 413
411 413
413 413
411 414
411 414
411 414
409 414
406 414
401 413
392 413
383 409
363 400
354 395
343 389
333 383
322 377
310 370
302 364
293 359
288 353
286 348
285 344
285 339
285 337
287 333
288 329
290 326
295 322
299 320
303 318
308 318
311 316
318 315
326 315
333 312
352 307
361 303
371 300
378 296
385 292
390 286
393 279
394 272
394 264
391 258
387 252
378 246
371 240
354 234
347 233
341 231
336 231
326 233
322 235
319 235
314 239
311 243
311 246
.PEN_UP
.SEGMENT CHARACTER 87 ? "6"
.PEN_DOWN
341 452
341 452
343 452
343 452
343 452
343 450
338 447
335 443
324 430
318 422
312 414
306 404
301 393
296 381
290 365
282 348
277 330
270 313
265 297
260 283
256 271
254 252
255 246
258 242
261 239
267 235
277 233
287 232
300 232
323 235
333 239
342 244
351 251
358 259
364 269
367 280
369 288
368 302
365 305
361 308
356 308
347 307
343 304
338 300
334 294
327 287
322 276
316 266
309 258
300 246
296 243
294 241
292 241
290 241
290 244
290 248
292 252
297 260
.PEN_UP
.SEGMENT CHARACTER 88 ? "7"
.PEN_DOWN
236 395
235 397
231 398
229 400
224 403
224 404
224 404
224 404
228 404
239 402
246 400
256 398
266 396
276 395
290 395
301 394
311 395
322 395
329 398
337 401
343 403
353 404
354 404
356 403
356 402
358 399
360 397
361 394
361 389
361 374
358 365
356 353
353 341
349 327
344 311
337 297
329 284
316 264
310 256
305 250
301 246
297 243
296 241
294 239
292 239
292 238
292 238
294 238
294 240
294 242
297 244
.PEN_UP
.SEGMENT CHARACTER 89 ? "8"
.PEN_DOWN
421 408
421 409
419 412
416 415
411 417
407 421
402 422
395 425
388 425
380 425
371 421
361 417
349 411
330 398
322 392
317 385
313 377
308 370
305 359
305 336
305 334
307 330
311 325
317 317
327 308
341 299
354 291
367 282
378 272
386 263
393 253
396 246
395 240
391 235
384 233
366 231
356 232
346 233
338 236
330 238
323 240
316 244
311 247
309 251
309 256
310 260
314 265
324 279
331 286
336 295
344 303
350 313
359 324
366 335
373 345
382 357
386 361
388 364
390 366
392 368
392 371
395 373
398 379
401 380
.PEN_UP
.SEGMENT CHARACTER 90 ? "9"
.PEN_DOWN
370 435
371 435
371 435
368 435
365 435
356 436
346 438
333 442
318 445
303 444
289 442
277 438
262 421
258 410
255 399
255 389
255 378
258 368
260 358
263 351
268 342
272 339
277 337
283 337
299 342
306 347
315 351
322 358
331 363
340 373
349 385
359 395
368 406
375 414
380 418
382 423
382 421
378 416
378 407
375 396
368 372
364 360
359 349
356 340
346 326
341 320
337 315
335 310
332 305
331 296
329 286
327 273
327 246
327 232
327 219
325 206
322 184
319 177
316 171
314 167
310 166
307 168
303 172
300 176
.PEN_UP
.SEGMENT CHARACTER 0 ? "."
.SEGMENT CHARACTER 91 ? ","
.PEN_DOWN
224 393
224 393
224 393
226 393
226 392
226 389
227 385
229 378
233 369
237 358
243 346
249 333
255 315
255 310
253 306
249 301
.PEN_UP
.SEGMENT CHARACTER 92 ? "/"
.PEN_DOWN
302 551
302 551
302 551
303 551
303 547
300 542
296 536
292 530
283 514
278 505
274 496
268 488
262 479
255 468
250 456
244 444
237 432
232 423
226 414
220 406
214 397
207 392
.PEN_UP
.SEGMENT CHARACTER 93 ? "-"
.PEN_DOWN
213 476
217 476
220 477
225 477
227 479
232 479
240 479
246 480
254 480
257 480
261 480
263 480
262 480
.PEN_UP
.SEGMENT CHARACTER 94-96 ? ";"
.PEN_DOWN
283 495
285 495
285 497
287 500
287 500
291 502
293 502
296 504
298 504
298 505
298 505
298 507
297 507
297 507
.PEN_UP
.PEN_DOWN
293 473
293 474
293 475
293 476
291 478
291 478
291 478
288 480
288 478
288 478
288 478
287 478
287 478
287 478
287 478
287 478
287 478
288 477
288 477
288 477
287 477
287 477
287 479
283 479
285 479
285 478
285 478
285 476
285 476
286 473
286 472
286 472
286 472
286 474
288 474
288 474
288 476
288 478
290 480
292 480
292 483
290 483
289 483
287 483
287 483
287 483
287 483
284 483
280 483
273 485
272 486
270 488
270 488
267 489
267 489
.PEN_UP
.PEN_DOWN
299 377
299 377
301 377
301 378
301 378
303 377
303 377
303 373
304 371
306 364
307 355
309 346
307 327
306 319
303 310
300 303
292 291
287 287
283 282
.PEN_UP
.SEGMENT CHARACTER 97-98 ? ":"
.PEN_DOWN
292 482
292 484
294 484
294 485
294 485
294 485
292 486
292 486
292 486
292 486
295 485
293 485
294 485
294 484
294 486
294 486
294 485
293 485
290 484
289 484
.PEN_UP
.PEN_DOWN
309 397
309 397
309 397
308 396
308 395
306 394
306 391
304 389
304 388
306 388
306 387
306 387
306 387
303 387
301 389
301 389
300 389
300 389
300 389
301 389
301 388
301 389
301 390
301 390
301 390
301 389
299 389
298 389
295 389
295 389
.PEN_UP
.SEGMENT CHARACTER 99-100 ? "A"
.PEN_DOWN
258 589
256 589
254 589
253 589
253 587
253 583
253 576
253 567
252 557
252 542
252 526
248 510
237 479
229 466
221 452
214 440
205 428
198 416
190 407
184 398
178 391
178 388
176 386
176 386
176 385
178 387
180 387
182 390
186 393
191 400
197 409
202 420
207 434
214 452
220 470
228 489
236 507
242 521
251 533
258 544
266 553
274 561
282 569
288 576
294 583
298 585
301 588
303 589
303 591
303 591
303 591
301 590
301 586
301 582
303 575
303 565
308 540
308 525
309 511
308 498
306 475
306 465
304 457
304 448
300 433
298 425
298 417
298 409
298 400
300 390
300 383
301 371
301 368
301 364
301 364
301 362
303 362
303 362
303 363
301 366
.PEN_UP
.PEN_DOWN
305 468
303 468
303 468
301 467
295 464
289 461
281 460
272 459
264 458
253 458
244 458
239 458
234 455
233 455
231 454
231 454
.PEN_UP
.SEGMENT CHARACTER 101 ? "B"
.PEN_DOWN
264 589
264 588
264 585
264 581
264 573
264 553
262 541
260 528
259 516
256 505
253 482
251 470
248 459
245 449
243 440
239 430
235 421
233 414
227 407
226 406
225 405
223 405
223 405
225 407
225 411
228 416
230 432
231 441
232 451
234 463
237 476
241 496
246 518
251 540
258 560
270 584
275 592
281 597
288 601
301 606
306 608
311 608
315 610
320 610
324 611
328 613
331 612
335 608
335 603
335 596
337 587
337 578
334 568
334 557
331 549
328 541
324 534
318 530
312 525
306 520
298 518
290 515
285 514
278 513
278 513
276 512
276 513
277 514
278 517
282 519
292 522
298 524
302 524
309 524
320 521
325 519
332 516
336 513
340 508
345 501
347 494
350 487
352 473
352 465
352 458
349 444
346 437
343 430
340 423
331 410
326 406
321 401
315 399
305 398
299 398
295 399
289 401
280 406
276 408
274 411
271 412
269 416
269 418
267 421
267 423
265 427
264 429
.PEN_UP
.SEGMENT CHARACTER 102 ? "C"
.PEN_DOWN
284 592
284 592
284 589
284 587
284 575
284 568
286 561
286 555
286 550
284 545
284 542
283 539
283 538
283 538
283 538
283 538
283 539
285 541
285 545
286 550
286 558
283 566
280 572
276 579
273 582
270 582
268 582
265 582
257 575
253 569
248 561
242 553
238 545
232 534
225 522
221 511
214 499
211 489
207 480
203 469
203 446
205 441
205 438
206 433
208 426
208 422
212 418
218 415
223 413
229 413
238 411
247 411
260 411
275 412
287 412
301 413
318 413
325 413
330 413
334 413
338 413
338 413
337 413
337 413
336 411
336 411
336 412
333 414
.PEN_UP
.SEGMENT CHARACTER 103-104 ? "D"
.PEN_DOWN
243 593
243 593
242 593
242 593
242 592
242 591
241 589
241 585
238 578
236 566
233 552
231 537
226 520
224 502
221 483
216 466
214 450
212 438
210 427
210 419
207 408
207 405
205 404
205 402
203 402
203 402
204 402
204 405
.PEN_UP
.PEN_DOWN
250 590
250 593
250 594
250 596
252 596
254 596
255 595
259 593
264 591
272 588
281 583
288 579
302 570
305 567
311 562
316 557
320 551
327 544
331 535
339 514
341 501
342 490
342 478
340 458
337 448
333 440
328 433
313 422
306 420
297 418
289 418
270 420
262 422
256 422
250 424
246 424
244 424
241 426
241 426
238 430
238 433
235 436
233 440
.PEN_UP
.SEGMENT CHARACTER 105 ? "E"
.PEN_DOWN
330 596
333 596
336 596
338 596
341 597
343 599
343 599
345 599
345 599
343 597
343 597
341 597
337 596
332 596
321 591
310 585
298 579
285 570
273 561
262 554
251 546
239 534
235 530
234 527
231 524
229 523
227 520
226 517
224 512
224 507
223 503
223 500
223 497
226 493
228 490
231 486
238 482
251 479
258 479
263 479
270 479
275 481
280 482
285 484
286 486
289 486
291 487
291 488
291 488
287 490
285 490
283 490
280 490
273 487
268 486
262 484
256 482
250 479
241 476
234 474
230 470
221 465
218 462
213 461
213 457
211 454
211 451
213 447
211 442
211 440
211 437
212 433
214 431
214 428
217 426
220 423
224 422
228 419
233 417
238 415
245 412
253 410
259 407
271 405
275 402
279 401
281 399
288 398
291 398
293 398
299 398
301 398
303 400
305 400
307 402
309 402
309 403
312 404
312 404
312 404
.PEN_UP
.SEGMENT CHARACTER 106-107 ? "F"
.PEN_DOWN
370 631
372 631
374 631
374 629
374 630
374 630
374 630
374 629
370 627
363 623
354 620
340 615
315 607
302 601
291 597
279 593
268 587
258 580
248 572
242 565
231 550
228 544
224 536
222 529
222 521
222 511
219 501
219 491
219 473
221 464
221 457
223 450
224 440
226 435
226 430
226 427
226 421
226 419
226 417
226 416
226 414
226 411
226 408
226 404
224 404
224 404
222 404
222 404
.PEN_UP
.PEN_DOWN
242 507
248 507
252 507
257 507
261 507
266 507
272 509
277 509
289 509
295 509
300 510
305 510
315 511
322 512
326 514
331 515
336 517
336 517
336 517
336 517
334 517
.PEN_UP
.SEGMENT CHARACTER 108-109 ? "G"
.PEN_DOWN
312 627
313 627
315 627
315 627
315 627
315 625
313 623
308 620
306 616
297 610
287 605
278 598
267 591
256 581
243 569
233 557
222 543
213 530
207 515
200 502
194 477
194 468
194 457
194 448
196 440
196 431
198 425
198 420
198 415
199 413
201 412
206 412
211 412
221 414
235 417
247 420
261 425
272 431
280 436
288 440
293 449
293 453
293 456
293 458
291 466
287 470
285 473
284 476
282 479
279 484
277 486
276 486
276 486
273 486
273 486
.PEN_UP
.PEN_DOWN
387 529
387 528
384 528
380 525
370 523
362 521
355 519
347 518
338 517
329 516
318 516
308 516
299 516
291 516
284 516
277 518
269 518
264 520
259 520
.PEN_UP
.SEGMENT CHARACTER 110-112 ? "H"
.PEN_DOWN
298 629
297 626
297 621
297 615
297 608
300 596
300 583
300 569
298 539
295 525
292 511
289 498
286 486
281 473
276 462
269 452
263 438
261 433
260 431
258 431
258 430
258 430
258 431
258 433
.PEN_UP
.PEN_DOWN
349 633
349 633
349 633
349 631
349 627
349 619
347 610
347 599
345 576
346 563
346 551
345 538
343 527
340 514
338 502
335 493
334 484
332 477
331 472
328 468
326 465
324 463
324 463
.PEN_UP
.PEN_DOWN
350 532
348 529
346 526
341 524
331 520
324 518
318 517
309 517
292 517
285 517
277 517
272 517
265 517
260 519
258 519
.PEN_UP
.SEGMENT CHARACTER 113 ? "I"
.PEN_DOWN
313 616
313 616
315 618
313 618
313 618
311 615
310 610
308 601
308 591
306 577
306 560
304 544
303 526
303 512
300 497
295 480
292 465
284 441
282 434
278 427
275 422
272 418
269 414
268 412
266 410
266 410
266 412
266 413
268 413
.PEN_UP
.SEGMENT CHARACTER 114-115 ? "J"
.PEN_DOWN
364 589
364 587
366 581
366 577
368 565
368 556
368 547
368 536
368 523
366 510
366 495
365 481
365 468
363 455
361 442
359 428
357 412
354 396
349 380
346 364
337 342
333 336
327 330
323 325
317 322
311 320
308 319
303 319
299 322
296 325
291 330
287 334
279 344
276 348
272 354
.PEN_UP
.PEN_DOWN
350 674
350 674
350 673
350 673
352 670
354 670
357 668
361 668
363 668
366 669
366 671
367 671
367 673
367 675
367 675
367 677
365 674
362 673
359 671
356 670
.PEN_UP
.SEGMENT CHARACTER 116-117 ? "K"
.PEN_DOWN
294 661
295 659
295 656
298 653
301 640
302 631
305 621
306 610
306 598
308 582
308 564
308 545
308 508
305 491
301 474
296 459
290 445
285 431
280 419
275 408
270 397
270 395
268 395
268 395
268 396
.PEN_UP
.PEN_DOWN
391 662
393 662
393 663
393 663
393 663
393 659
391 655
389 647
386 639
381 631
373 616
365 603
354 587
334 562
324 551
315 543
305 535
289 523
283 518
278 513
275 510
272 504
273 502
276 497
281 494
291 487
296 483
304 480
310 476
317 469
324 463
329 455
339 439
342 431
344 426
344 422
347 416
347 416
347 415
347 414
348 414
348 414
348 414
346 416
346 424
345 429
343 434
.PEN_UP
.SEGMENT CHARACTER 118 ? "L"
.PEN_DOWN
307 613
308 610
309 605
309 599
309 583
309 575
308 564
308 554
303 532
298 514
295 507
291 498
289 490
284 480
282 472
279 462
276 454
274 445
267 436
265 433
263 432
263 431
263 431
263 431
264 431
265 431
267 434
273 436
280 441
289 445
300 448
309 450
321 450
330 447
339 447
354 443
357 442
359 440
359 440
360 440
362 440
362 440
362 440
359 441
357 444
.PEN_UP
.SEGMENT CHARACTER 119 ? "M"
.PEN_DOWN
245 621
245 621
245 620
246 619
249 610
251 602
253 591
255 580
257 568
257 554
256 540
256 527
253 515
251 495
247 484
247 475
244 467
241 451
241 444
239 438
239 432
239 429
237 426
237 424
239 424
239 424
239 427
240 433
240 441
245 449
248 459
253 472
257 488
261 506
274 542
279 558
285 573
288 586
291 593
294 598
294 599
297 597
298 592
302 583
306 570
308 559
310 539
309 531
309 524
309 517
307 508
307 503
306 500
306 498
306 498
306 498
305 498
305 498
305 501
307 505
308 510
308 516
312 522
314 531
316 542
320 553
325 578
328 589
331 599
334 606
339 614
339 614
341 614
344 614
347 612
353 605
357 596
360 584
364 563
364 552
366 541
366 530
364 509
363 499
360 488
360 478
355 458
355 449
355 442
353 436
353 426
353 424
353 424
353 424
353 424
353 424
353 425
353 427
.PEN_UP
.SEGMENT CHARACTER 120 ? "N"
.PEN_DOWN
247 573
247 573
249 574
249 574
249 572
249 568
246 561
246 552
243 542
240 528
238 517
234 503
232 480
230 468
228 459
227 450
224 443
223 435
221 427
221 423
219 419
219 419
219 419
219 419
219 420
220 425
220 433
222 442
222 452
224 466
226 481
230 500
238 534
244 550
249 564
253 577
256 586
259 591
261 596
263 597
266 595
268 591
270 586
272 579
274 571
275 561
278 549
280 537
282 513
284 502
285 490
288 480
290 460
290 452
292 446
292 440
294 434
294 433
294 433
296 433
298 430
300 429
301 427
303 424
306 423
308 421
311 421
315 421
318 421
319 424
321 428
322 432
326 446
326 456
330 468
332 481
338 511
341 529
344 548
348 567
355 598
359 607
361 614
362 617
364 620
364 618
363 617
363 615
361 611
.PEN_UP
.SEGMENT CHARACTER 121 ? "O"
.PEN_DOWN
365 597
363 598
361 599
358 599
355 599
348 593
340 589
335 581
329 572
325 562
321 548
316 536
307 509
303 498
300 486
297 474
289 454
285 444
283 436
280 430
278 420
278 415
279 412
282 410
292 406
299 406
304 406
310 406
322 411
328 416
334 421
340 427
346 435
356 445
363 460
371 476
380 503
382 513
380 522
380 529
376 536
371 541
364 547
354 549
338 552
330 552
324 553
316 553
310 553
306 553
301 552
300 550
.PEN_UP
.SEGMENT CHARACTER 122-124 ? "P"
.PEN_DOWN
284 621
284 619
288 618
288 615
290 610
293 600
293 586
295 570
295 553
291 535
289 516
285 498
277 465
274 453
272 440
271 430
271 408
268 400
266 393
263 389
261 384
260 384
260 386
258 389
253 403
252 411
.PEN_UP
.PEN_DOWN
286 652
286 652
286 652
286 650
286 650
286 650
286 650
286 650
286 650
286 650
286 650
290 652
293 652
296 652
298 652
300 652
302 650
303 650
306 646
306 646
306 644
306 643
304 641
.PEN_UP
.PEN_DOWN
310 644
310 644
310 644
313 643
317 644
322 644
328 647
332 649
338 650
343 653
345 653
355 651
359 648
363 646
366 643
368 640
372 635
374 629
377 624
379 614
379 609
380 604
383 598
385 592
390 586
394 579
399 572
403 568
405 563
405 563
404 561
401 561
389 555
379 552
369 549
357 546
346 542
332 538
319 533
308 527
298 522
293 517
288 513
284 511
281 508
279 508
276 511
274 513
268 524
266 528
263 532
263 534
263 535
263 535
263 535
263 535
262 534
263 530
.PEN_UP
