.VERSION 1.0
.INCLUDE 	       ncr.doc

.COMMENT               ############
                       ### DATA ###
                       ############
.DATE                  07 09 1993
.WRITER_ID             SeanSmth
.HAND                  R
.SKILL                 ?
.STYLE                 PRINTED
.WRITER_INFO           First name: Sean
                       Last name: Smith
.COMMENT               In this database, segments are letters.

.SEGMENT CHARACTER 0-1 ? "A"
.PEN_DOWN
158 -58
158 -58
158 -58
158 -58
158 -58
160 -58
160 -58
160 -58
160 -58
160 -58
158 -57
158 -57
158 -58
159 -58
159 -58
159 -58
159 -58
159 -58
159 -58
159 -58
159 -58
159 -58
159 -58
159 -58
158 -58
158 -58
158 -58
159 -58
159 -58
159 -58
159 -58
158 -58
158 -58
159 -59
159 -59
159 -59
159 -59
159 -59
159 -60
159 -60
159 -62
157 -65
157 -65
157 -66
157 -66
157 -66
157 -67
157 -66
157 -66
157 -66
157 -66
157 -66
157 -67
157 -67
157 -67
157 -67
157 -67
157 -67
155 -65
155 -65
155 -65
155 -66
158 -66
158 -66
159 -66
158 -66
158 -65
158 -65
158 -65
160 -65
160 -65
160 -65
160 -65
160 -66
160 -66
160 -66
160 -65
160 -65
160 -64
160 -62
162 -62
163 -60
163 -59
163 -57
165 -54
165 -53
166 -51
166 -50
168 -47
170 -45
170 -44
170 -41
172 -38
172 -36
174 -33
174 -31
174 -28
174 -25
175 -21
176 -17
176 -13
178 -10
180 -7
180 -3
182 2
182 4
182 6
183 8
183 13
185 15
185 17
185 18
186 22
186 25
188 27
188 30
188 33
188 35
190 37
190 40
191 42
193 44
193 48
193 52
195 55
195 61
196 66
199 71
200 77
202 82
205 86
208 93
210 96
210 100
212 107
212 111
214 116
215 120
218 128
220 131
222 135
224 140
228 145
230 147
231 149
233 152
234 154
237 158
238 162
240 166
244 174
247 178
248 182
250 184
252 187
252 189
253 189
256 190
257 190
257 192
258 193
260 193
262 195
265 195
269 195
270 194
272 193
272 191
276 188
277 185
277 184
277 182
277 179
280 177
281 173
281 168
287 158
289 151
291 145
292 137
297 123
298 116
299 109
300 102
302 87
302 80
302 74
303 68
305 56
305 50
305 43
307 36
310 23
312 15
313 9
314 5
317 -5
318 -8
321 -12
321 -15
323 -19
323 -21
325 -21
325 -21
328 -23
328 -23
328 -23
328 -23
328 -24
331 -27
331 -29
332 -31
332 -34
334 -34
334 -34
334 -34
.PEN_UP
.PEN_DOWN
201 40
201 40
204 41
208 41
214 43
218 43
223 43
227 43
238 44
243 46
248 47
253 48
257 50
262 51
266 52
268 54
271 54
273 55
273 55
274 55
274 52
.PEN_UP
.SEGMENT CHARACTER 2-3 ? "B"
.PEN_DOWN
171 136
171 136
168 134
168 133
168 128
168 125
168 121
168 117
168 113
171 106
173 99
175 90
179 72
179 64
179 55
179 47
179 39
179 30
181 20
181 11
179 -3
177 -10
177 -18
177 -24
177 -35
177 -39
177 -41
177 -41
177 -41
175 -39
173 -36
173 -34
.PEN_UP
.PEN_DOWN
149 123
149 125
151 126
153 127
155 132
156 134
158 137
161 140
163 143
166 148
170 151
174 155
182 162
186 164
189 167
193 170
200 174
204 174
209 175
212 175
220 174
224 172
228 171
231 170
235 168
239 167
243 165
248 164
251 164
257 160
260 159
263 157
266 155
268 152
271 147
271 142
271 138
271 132
271 127
271 121
268 116
263 108
261 105
260 101
258 99
252 95
249 93
245 92
242 91
235 88
232 86
227 84
223 82
217 78
213 76
212 75
212 73
210 73
213 72
213 72
213 72
217 72
219 73
223 75
226 78
232 82
236 83
239 85
244 87
254 88
258 89
262 89
266 89
275 89
279 88
283 88
288 86
298 82
303 80
307 77
310 75
313 73
315 69
318 66
321 62
325 54
325 51
325 47
327 44
325 39
325 32
325 25
323 14
323 10
320 7
320 4
316 -2
313 -5
310 -8
306 -11
302 -13
298 -17
292 -19
285 -21
274 -26
269 -29
264 -32
258 -34
251 -36
243 -39
236 -40
224 -40
219 -39
214 -37
209 -36
201 -31
197 -29
194 -27
191 -25
188 -23
186 -22
183 -20
179 -19
.PEN_UP
.SEGMENT CHARACTER 4 ? "C"
.PEN_DOWN
266 155
266 154
266 154
268 154
269 150
269 150
270 148
270 145
272 142
274 138
276 134
276 132
278 126
278 124
280 120
280 118
280 115
281 111
281 108
282 104
282 99
282 97
282 97
282 96
282 96
284 96
284 96
284 97
286 99
286 102
286 108
284 112
284 117
284 121
283 125
281 130
281 134
276 140
275 142
274 145
272 148
270 153
270 156
268 158
266 159
266 161
263 162
261 163
261 165
259 165
259 165
256 165
254 164
251 162
247 162
246 160
243 160
240 156
239 154
237 154
237 152
234 150
232 147
232 143
227 138
225 135
222 131
220 129
214 122
212 120
209 116
207 113
203 107
201 104
199 101
197 98
193 91
191 88
189 84
189 81
184 72
183 68
181 63
179 59
177 55
177 50
173 46
171 42
171 37
168 33
168 29
167 23
167 18
167 7
168 3
168 -2
168 -6
170 -11
173 -18
174 -23
176 -30
177 -33
179 -36
180 -40
184 -45
186 -48
188 -50
190 -52
193 -55
197 -57
200 -59
204 -62
212 -66
214 -68
218 -69
221 -71
228 -73
232 -74
235 -74
240 -76
249 -76
254 -73
259 -73
264 -70
273 -67
278 -66
282 -66
286 -65
291 -63
294 -63
296 -62
298 -61
301 -59
305 -57
309 -54
314 -52
322 -49
325 -47
327 -47
329 -45
333 -45
334 -45
336 -45
336 -45
340 -45
340 -45
340 -45
340 -44
340 -44
342 -44
342 -44
342 -44
343 -44
343 -44
343 -44
.PEN_UP
.SEGMENT CHARACTER 5-6 ? "D"
.PEN_DOWN
188 143
188 143
188 143
188 140
189 135
191 132
191 129
191 125
193 116
193 111
196 105
197 100
197 90
198 85
198 80
198 75
198 70
198 64
198 57
201 49
201 37
203 32
203 27
203 23
204 19
204 14
204 10
204 6
202 3
202 -1
202 -3
202 -5
202 -7
201 -10
201 -12
201 -15
202 -17
202 -20
202 -20
202 -20
204 -22
204 -23
204 -24
205 -26
205 -26
203 -26
203 -27
202 -26
.PEN_UP
.PEN_DOWN
177 157
177 157
177 157
179 157
181 160
183 162
184 162
187 164
192 166
195 166
199 168
202 169
206 169
211 172
215 172
221 172
227 172
231 172
237 169
242 168
248 167
252 167
254 165
258 165
262 164
267 164
272 161
277 160
287 155
291 152
295 149
299 146
302 142
306 138
311 134
315 129
323 121
324 119
327 116
329 112
332 109
335 105
340 97
342 93
344 89
346 85
350 76
351 72
354 68
354 65
354 62
356 57
356 52
357 47
357 37
359 34
359 30
359 26
359 18
359 15
359 13
359 10
357 4
357 1
355 -2
355 -5
351 -12
349 -15
347 -19
343 -21
338 -27
335 -30
331 -32
327 -35
324 -37
319 -39
315 -41
309 -41
296 -42
291 -42
286 -44
282 -46
274 -47
270 -47
266 -47
261 -47
252 -47
248 -47
244 -46
240 -46
231 -43
228 -43
225 -43
221 -42
215 -42
212 -42
210 -42
207 -41
202 -41
200 -41
199 -41
197 -41
.PEN_UP
.SEGMENT CHARACTER 7-9 ? "E"
.PEN_DOWN
185 133
184 132
185 130
185 128
185 123
185 120
185 118
185 114
185 107
186 104
186 99
186 95
186 92
188 84
188 79
187 73
187 59
187 52
187 45
187 40
187 35
187 30
187 25
187 20
187 9
187 3
188 -2
188 -6
188 -15
188 -18
188 -22
188 -24
189 -26
189 -30
189 -32
189 -34
187 -36
187 -41
187 -42
189 -45
189 -47
189 -49
191 -52
191 -55
191 -56
191 -58
193 -60
194 -61
194 -61
199 -63
202 -65
204 -65
206 -65
209 -65
212 -66
215 -67
218 -67
226 -69
230 -69
235 -69
240 -68
252 -68
257 -66
264 -66
275 -63
280 -61
286 -60
290 -60
296 -59
299 -59
301 -59
306 -60
307 -60
309 -61
312 -62
313 -62
315 -64
316 -64
316 -64
319 -64
319 -64
319 -63
321 -63
321 -63
321 -64
321 -64
323 -64
323 -63
324 -63
324 -61
324 -61
.PEN_UP
.PEN_DOWN
202 62
202 62
202 62
205 62
209 62
211 63
215 63
218 63
222 63
229 63
235 63
241 65
247 65
252 68
257 69
263 70
270 73
273 74
276 74
279 75
280 75
282 75
282 75
282 75
281 74
281 73
281 73
281 72
281 72
281 72
281 72
281 72
282 70
282 70
.PEN_UP
.PEN_DOWN
197 159
197 159
201 161
202 161
209 161
213 161
217 161
223 162
235 162
242 162
249 163
256 165
264 166
272 168
280 170
287 172
297 178
301 179
303 179
305 180
308 179
308 179
310 179
311 179
313 179
313 179
315 179
315 179
317 179
318 181
318 181
320 181
320 181
320 181
320 181
322 181
322 181
324 181
324 181
324 181
327 181
327 181
327 181
327 181
327 180
329 178
.PEN_UP
.SEGMENT CHARACTER 10-11 ? "F"
.PEN_DOWN
193 139
193 139
193 139
195 139
195 135
195 134
195 131
195 130
196 123
196 120
196 116
196 112
198 106
199 99
199 92
201 84
201 75
201 66
201 57
201 47
201 30
200 22
200 15
200 8
200 0
200 -9
202 -17
202 -23
202 -33
200 -36
200 -40
200 -42
200 -45
202 -46
202 -46
202 -46
202 -46
201 -48
201 -50
201 -51
201 -52
202 -55
202 -57
202 -58
200 -60
200 -60
200 -60
200 -60
200 -60
202 -57
202 -53
202 -48
202 -36
202 -29
202 -23
203 -16
201 -9
201 -1
201 7
201 15
201 24
201 33
201 41
201 49
201 66
201 73
201 80
201 88
201 99
201 105
201 109
200 114
200 121
200 123
198 126
198 128
197 132
197 133
196 133
196 134
197 135
197 137
197 138
197 140
198 144
198 145
198 145
200 146
202 148
204 148
206 148
208 148
216 148
220 148
225 150
232 152
237 153
246 156
257 157
266 159
282 162
289 162
295 163
301 163
311 163
315 163
318 163
322 165
329 165
332 167
334 167
337 168
341 169
341 169
342 169
342 169
342 169
342 169
341 168
341 166
339 164
337 164
.PEN_UP
.PEN_DOWN
202 60
202 60
200 60
200 60
204 60
206 60
209 60
211 60
214 60
220 60
226 58
232 58
238 58
245 59
253 59
259 61
269 63
273 65
277 66
280 66
284 69
284 69
286 69
286 69
287 69
287 69
287 69
287 69
287 69
286 68
286 68
.PEN_UP
.SEGMENT CHARACTER 12 ? "G"
.PEN_DOWN
304 130
304 130
304 130
304 130
304 130
301 132
301 132
301 130
299 130
299 130
299 131
297 134
294 138
293 140
293 140
291 141
287 142
285 142
283 144
281 145
277 146
274 146
272 146
270 146
268 147
264 147
262 147
260 148
258 148
254 147
252 147
250 145
248 145
246 144
245 142
242 142
241 140
241 137
241 136
241 132
238 129
237 127
234 123
232 119
232 114
225 108
223 104
221 101
221 99
220 97
218 93
216 92
214 88
213 83
211 78
209 74
207 70
203 62
201 58
199 54
198 51
196 45
194 41
194 37
193 34
191 27
190 24
189 21
189 18
186 11
186 8
186 4
187 1
187 -7
189 -10
189 -14
189 -17
190 -23
190 -24
190 -26
190 -26
192 -33
192 -35
194 -37
194 -40
197 -44
198 -48
200 -51
202 -52
206 -56
208 -56
210 -57
212 -59
218 -61
220 -63
224 -63
227 -64
233 -65
237 -65
239 -65
244 -65
252 -66
255 -66
259 -66
263 -66
270 -66
273 -66
276 -65
280 -64
287 -61
291 -61
295 -61
298 -61
304 -61
306 -60
308 -59
309 -59
312 -57
314 -56
316 -54
318 -51
320 -49
322 -47
324 -44
326 -39
326 -37
329 -36
330 -35
332 -31
333 -30
335 -29
336 -28
336 -27
338 -25
338 -21
338 -19
342 -14
342 -11
344 -9
344 -7
344 -6
346 -4
346 -3
346 0
346 2
346 3
345 3
345 6
345 7
345 9
343 13
340 16
338 18
338 18
336 20
334 21
331 21
329 23
326 24
324 24
320 27
316 27
310 29
306 29
303 30
301 30
296 30
294 31
291 31
286 31
282 31
279 31
278 31
275 30
273 30
273 28
270 28
267 29
267 28
265 28
265 28
265 28
265 28
265 28
265 28
266 28
268 28
270 28
272 27
278 27
281 26
285 26
289 27
297 27
302 28
305 28
308 31
313 33
313 34
316 34
.PEN_UP
.SEGMENT CHARACTER 13-15 ? "H"
.PEN_DOWN
196 137
196 137
196 137
196 137
196 135
194 134
194 132
193 131
193 130
193 126
193 122
193 117
195 106
196 101
197 95
197 89
197 84
199 76
199 69
199 62
201 48
201 42
201 36
201 31
201 26
201 20
201 15
201 11
201 3
201 0
201 -4
203 -7
203 -9
204 -13
204 -15
204 -18
204 -23
204 -26
204 -30
204 -33
204 -37
204 -41
204 -45
204 -49
202 -52
202 -56
201 -59
201 -61
201 -66
201 -67
201 -69
201 -71
203 -75
203 -78
203 -80
203 -85
201 -88
201 -90
201 -91
200 -91
200 -91
200 -90
200 -89
.PEN_UP
.PEN_DOWN
214 41
214 41
214 41
214 40
214 40
216 40
218 39
223 39
227 40
232 41
238 43
244 43
250 43
256 43
263 43
270 45
281 48
286 49
290 50
295 52
302 55
305 57
308 57
310 58
312 58
313 59
313 59
315 59
317 59
317 59
317 59
317 59
317 59
319 57
319 57
319 57
319 57
319 57
319 57
319 57
319 57
319 57
319 57
319 57
319 55
.PEN_UP
.PEN_DOWN
321 186
319 186
319 185
320 184
320 181
320 178
321 175
321 171
324 160
324 154
324 148
326 142
326 136
326 127
326 116
326 107
326 89
324 82
324 74
323 67
323 52
322 45
322 38
322 32
320 26
320 19
319 14
319 8
318 -1
318 -5
318 -9
318 -13
319 -23
319 -27
319 -32
319 -37
319 -47
320 -51
320 -56
320 -60
320 -62
322 -66
322 -66
321 -68
321 -69
321 -70
322 -71
322 -71
322 -73
322 -73
322 -73
322 -73
.PEN_UP
.SEGMENT CHARACTER 16-19 ? "I"
.PEN_DOWN
170 141
170 141
170 141
170 141
170 141
170 141
170 139
170 139
172 139
175 139
179 139
184 139
193 138
198 138
202 140
206 142
210 143
216 143
220 144
223 144
227 144
229 145
230 145
232 147
232 147
235 147
235 147
236 148
238 148
238 148
240 148
240 148
240 148
240 148
238 149
240 148
240 148
240 148
237 149
237 149
237 149
237 149
237 149
237 149
237 149
237 149
237 148
237 148
237 148
237 149
237 149
237 149
237 148
239 148
237 149
237 149
237 149
237 149
237 148
235 148
235 148
232 146
230 145
228 144
.PEN_UP
.PEN_DOWN
259 167
257 167
257 167
257 167
257 167
257 167
257 166
257 166
257 166
257 167
257 167
257 167
257 167
257 167
257 165
257 165
257 167
259 167
259 167
259 167
258 167
258 167
258 167
258 167
258 167
258 167
258 167
256 167
258 165
257 165
257 164
258 163
258 163
258 161
258 160
258 160
258 159
258 158
260 156
260 156
258 156
258 154
258 154
258 152
258 149
258 147
258 145
258 145
258 144
258 144
259 142
259 140
259 138
258 136
258 135
258 134
258 131
258 130
258 128
258 127
258 125
258 125
258 123
258 121
258 119
259 117
259 116
259 114
259 114
259 112
259 111
259 108
259 106
259 105
259 105
259 100
259 100
259 99
260 98
260 96
259 94
259 93
259 91
259 89
259 87
259 85
259 82
259 79
259 78
260 77
260 75
262 71
262 70
262 69
262 67
262 65
263 64
263 62
263 61
263 58
263 57
263 56
263 54
263 53
263 51
263 49
263 47
263 45
263 44
263 43
263 40
263 37
263 35
263 33
263 33
263 31
265 30
265 29
265 26
265 25
265 23
265 22
265 21
265 19
265 17
265 17
265 13
265 13
265 11
266 11
265 8
265 8
265 6
265 6
265 5
265 3
265 2
267 1
267 0
267 -1
267 -3
267 -3
267 -5
266 -5
266 -6
266 -7
266 -8
266 -9
266 -9
266 -9
266 -9
266 -11
266 -11
266 -13
266 -15
266 -16
266 -17
266 -17
266 -18
266 -19
266 -19
266 -20
266 -20
266 -20
264 -20
264 -21
264 -21
264 -23
264 -23
265 -23
265 -24
265 -24
265 -26
265 -26
265 -26
265 -27
265 -27
264 -27
264 -27
264 -27
264 -27
264 -27
264 -28
264 -28
265 -29
265 -29
265 -29
265 -29
264 -29
264 -30
264 -30
264 -30
265 -31
265 -31
265 -31
265 -31
265 -31
264 -33
264 -33
264 -33
264 -34
264 -34
264 -34
264 -34
264 -35
264 -35
265 -35
265 -35
263 -35
263 -35
263 -35
265 -36
265 -36
265 -36
265 -36
265 -36
265 -36
265 -37
265 -37
265 -37
265 -37
265 -36
264 -36
264 -36
264 -37
264 -37
264 -37
264 -37
264 -36
264 -36
264 -36
264 -36
.PEN_UP
.PEN_DOWN
219 168
219 167
219 166
220 165
223 163
223 163
225 163
226 163
226 163
231 161
233 162
235 163
238 163
240 163
241 163
245 162
249 162
251 162
251 160
254 160
256 159
260 159
263 159
265 159
267 160
269 160
272 160
274 162
276 162
278 162
278 162
281 162
284 162
284 162
287 162
287 163
291 162
293 162
295 162
296 162
299 160
300 160
304 159
306 161
308 161
313 161
315 161
316 162
318 162
320 162
320 163
323 163
326 163
330 163
331 163
333 163
334 163
334 163
337 161
337 161
337 161
339 161
339 161
341 161
341 162
344 162
346 162
346 163
348 163
350 163
350 165
351 165
353 164
353 164
353 165
353 165
354 165
354 165
356 165
359 165
361 165
363 165
363 163
365 163
366 163
366 164
367 164
367 164
371 163
371 163
373 163
375 163
375 163
378 165
378 165
378 165
378 165
378 165
378 165
378 165
378 165
381 163
381 164
381 164
381 165
381 165
381 165
382 165
.PEN_UP
.PEN_DOWN
180 -35
180 -35
180 -35
180 -35
180 -36
182 -36
182 -36
182 -36
185 -37
186 -37
186 -36
189 -36
192 -36
194 -36
197 -36
200 -36
204 -36
207 -35
210 -35
213 -35
215 -35
217 -35
219 -33
221 -33
224 -33
226 -32
227 -32
230 -31
233 -31
235 -30
236 -30
236 -28
239 -28
240 -28
240 -28
245 -28
246 -27
249 -27
249 -27
250 -27
251 -27
253 -27
254 -27
254 -27
257 -27
258 -27
259 -25
259 -24
263 -24
266 -24
269 -24
273 -24
275 -24
278 -22
281 -22
284 -22
286 -22
288 -21
288 -21
288 -21
289 -21
289 -23
292 -23
292 -23
293 -23
296 -23
296 -24
299 -24
299 -24
302 -25
302 -25
302 -25
305 -25
306 -25
308 -25
311 -26
314 -25
316 -25
316 -25
318 -25
321 -25
321 -25
322 -25
322 -26
325 -26
325 -26
327 -26
327 -26
329 -26
329 -26
329 -26
330 -26
332 -26
332 -26
334 -26
335 -26
335 -26
340 -27
341 -27
341 -27
342 -27
342 -27
342 -27
344 -27
344 -27
345 -27
345 -27
345 -27
350 -29
351 -29
353 -29
354 -29
356 -29
357 -29
359 -29
361 -29
361 -29
361 -29
363 -29
363 -29
363 -29
363 -31
363 -29
364 -29
364 -29
364 -29
364 -31
.PEN_UP
.SEGMENT CHARACTER 20 ? "J"
.PEN_DOWN
297 163
297 163
297 163
297 163
297 163
297 163
297 163
297 161
297 162
297 162
297 162
297 162
297 158
297 158
297 155
298 152
298 150
298 146
298 143
298 141
300 137
300 135
300 132
302 128
302 125
303 123
303 121
305 119
307 113
307 110
307 106
308 103
308 100
309 96
309 94
309 91
311 87
311 85
311 83
311 80
313 74
313 72
315 70
315 69
315 64
315 62
316 61
316 58
318 55
318 53
318 51
318 50
318 44
320 42
320 40
320 38
320 34
320 33
320 31
320 30
320 26
320 24
320 23
320 21
319 18
319 17
319 14
319 12
319 8
319 5
319 3
319 0
319 -3
319 -4
319 -6
319 -7
319 -8
319 -9
316 -11
316 -14
315 -19
315 -22
314 -25
314 -27
310 -32
310 -34
309 -37
309 -39
309 -41
308 -42
306 -42
306 -43
303 -46
303 -47
301 -48
301 -50
298 -53
297 -55
295 -56
293 -58
290 -61
288 -62
286 -62
284 -64
281 -66
279 -66
279 -68
277 -68
274 -70
272 -71
271 -71
270 -73
267 -74
266 -75
264 -76
263 -76
259 -78
257 -78
254 -78
251 -78
249 -78
245 -78
242 -78
240 -78
234 -75
233 -74
231 -72
229 -71
226 -69
225 -68
225 -66
225 -65
222 -61
222 -59
221 -57
221 -55
219 -53
217 -51
217 -50
214 -50
214 -48
214 -46
210 -39
210 -37
210 -34
210 -32
210 -26
210 -24
210 -22
210 -20
212 -18
212 -17
212 -16
212 -14
209 -12
209 -12
209 -11
209 -9
209 -9
209 -7
210 -6
210 -6
210 -2
210 -2
210 -2
210 -2
210 -2
212 -2
212 -2
212 -2
212 0
210 0
210 2
211 4
211 5
213 5
213 7
215 10
215 11
215 11
217 11
217 12
.PEN_UP
.SEGMENT CHARACTER 21-22 ? "K"
.PEN_DOWN
231 133
231 132
231 129
231 126
231 119
232 115
232 111
232 108
232 104
233 100
233 94
235 88
238 78
239 73
240 69
240 65
243 56
243 52
241 48
241 44
239 35
239 30
239 27
239 23
239 20
239 18
239 16
239 13
239 11
239 8
239 4
239 0
239 -7
239 -10
239 -13
239 -17
237 -20
237 -22
237 -24
237 -25
239 -26
239 -28
239 -28
239 -30
240 -34
240 -37
240 -41
240 -44
240 -49
240 -51
239 -54
239 -55
239 -59
239 -61
239 -63
239 -64
239 -68
239 -69
239 -71
239 -73
236 -75
236 -77
236 -78
236 -78
237 -80
237 -80
237 -80
237 -81
237 -83
237 -84
237 -86
237 -86
237 -87
237 -88
236 -88
.PEN_UP
.PEN_DOWN
361 134
361 134
359 132
359 130
357 127
355 125
353 122
352 120
348 116
346 112
343 108
339 103
337 97
331 88
329 84
326 80
322 76
317 68
314 65
312 61
311 57
309 54
309 51
307 49
304 47
304 46
301 44
300 44
300 41
300 39
296 36
296 34
294 32
294 31
294 29
294 28
293 26
293 26
290 24
290 24
290 24
289 23
289 23
289 22
289 22
290 20
290 20
290 18
290 18
290 17
290 13
290 12
290 10
290 9
290 9
294 5
294 5
294 5
295 4
296 3
297 2
299 2
302 0
304 0
306 -1
309 -2
314 -5
317 -7
319 -8
323 -8
327 -12
329 -13
331 -14
333 -15
338 -18
339 -19
342 -20
343 -21
345 -24
347 -25
348 -27
350 -28
354 -32
356 -32
359 -34
360 -35
365 -39
367 -40
368 -40
369 -42
371 -45
372 -46
372 -47
374 -47
374 -49
374 -49
376 -49
376 -51
379 -52
379 -52
379 -54
380 -54
380 -56
381 -56
381 -57
381 -57
385 -58
385 -58
386 -60
386 -60
388 -62
388 -63
388 -63
390 -63
390 -63
390 -63
390 -65
390 -65
388 -66
.PEN_UP
.SEGMENT CHARACTER 23 ? "L"
.PEN_DOWN
228 121
228 118
228 116
228 114
226 109
226 108
226 106
228 104
229 101
229 96
230 92
230 88
230 84
232 78
234 68
234 62
234 56
234 50
236 45
236 38
236 31
236 24
236 17
236 11
236 4
236 -1
236 -13
234 -18
234 -23
234 -27
233 -36
233 -41
233 -44
233 -48
233 -57
233 -61
233 -65
233 -69
231 -74
231 -76
231 -76
232 -76
235 -79
237 -79
237 -80
239 -80
242 -81
244 -81
247 -83
248 -83
250 -84
254 -84
256 -85
260 -85
266 -83
270 -82
274 -82
278 -81
286 -80
290 -80
294 -79
298 -79
305 -78
309 -78
313 -76
317 -75
322 -75
326 -73
329 -73
334 -73
339 -73
342 -74
344 -75
346 -75
348 -78
352 -80
355 -81
359 -81
359 -81
361 -81
364 -81
364 -81
367 -81
368 -81
371 -81
371 -82
371 -82
371 -82
371 -82
371 -82
371 -82
371 -82
371 -82
.PEN_UP
.SEGMENT CHARACTER 24 ? "M"
.PEN_DOWN
200 -40
198 -40
198 -42
198 -42
199 -44
199 -45
198 -45
198 -45
198 -45
199 -43
199 -43
201 -43
202 -41
202 -41
202 -40
203 -39
203 -39
203 -35
205 -33
206 -30
206 -23
208 -20
208 -16
210 -13
211 -10
213 -5
215 -1
216 5
221 14
223 18
225 22
225 26
227 29
227 33
227 36
230 38
230 45
232 47
232 50
232 52
232 54
232 57
233 60
233 65
233 72
233 75
233 80
236 83
236 87
238 90
238 95
238 98
240 101
240 104
240 108
240 110
240 112
242 113
242 115
242 118
244 119
244 124
244 131
244 135
244 137
244 139
244 144
246 145
246 147
246 149
246 150
246 152
246 155
246 155
247 160
247 161
247 163
247 165
247 168
247 169
247 170
248 172
248 172
250 172
250 172
250 172
250 172
251 172
251 172
252 172
252 174
252 175
252 175
254 176
254 176
256 176
256 178
256 178
256 178
257 177
259 174
259 174
259 172
261 172
261 169
265 165
267 162
268 158
271 151
271 147
274 145
277 142
281 135
284 132
287 129
293 122
294 119
296 116
298 114
301 106
302 103
304 99
304 97
307 89
308 87
310 86
311 84
313 80
314 79
314 77
316 76
318 74
318 74
318 73
318 73
318 71
318 71
318 69
318 68
320 68
321 66
321 66
323 66
323 66
323 66
323 66
325 66
327 66
329 66
329 69
333 74
335 78
337 81
339 85
342 93
343 98
345 102
347 107
350 112
350 115
351 118
351 121
351 125
351 126
353 128
353 132
356 137
357 140
358 143
360 144
361 147
361 147
361 147
361 147
363 147
363 147
363 147
363 147
363 145
363 144
364 142
366 139
366 137
366 134
366 130
368 126
368 122
370 117
372 110
372 105
372 94
372 90
372 86
372 81
374 73
374 67
374 63
374 58
374 46
374 41
374 36
374 31
372 22
371 19
371 15
373 12
376 7
376 3
376 0
377 -3
379 -9
380 -13
382 -17
382 -21
384 -28
384 -31
385 -33
387 -35
387 -39
387 -41
388 -44
388 -45
388 -52
388 -53
389 -55
389 -59
391 -62
391 -63
393 -65
393 -67
394 -69
394 -69
394 -69
394 -71
.PEN_UP
.SEGMENT CHARACTER 25 ? "N"
.PEN_DOWN
244 -43
244 -43
244 -43
244 -43
244 -43
244 -43
244 -43
244 -43
244 -43
245 -42
245 -41
245 -39
247 -38
248 -35
248 -32
248 -31
248 -28
248 -24
248 -21
248 -17
248 -15
248 -9
248 -5
250 -2
251 2
251 7
251 10
252 12
252 16
252 22
252 26
252 30
252 34
252 37
252 44
252 47
251 50
251 53
251 59
252 61
252 63
252 67
254 71
254 74
254 76
254 78
254 82
254 82
254 84
252 86
250 87
250 88
250 90
250 92
250 96
250 98
249 101
249 103
249 107
249 109
249 111
249 112
248 115
248 116
248 117
248 118
248 120
248 122
248 124
248 126
248 129
248 131
248 132
248 133
248 135
248 135
248 136
248 136
248 138
248 138
247 138
247 138
247 138
248 138
248 138
248 139
248 139
248 139
248 139
249 141
249 141
249 141
249 141
249 141
251 140
251 140
251 140
251 141
251 141
253 141
253 141
253 141
253 139
254 139
256 137
256 134
258 132
258 130
260 127
264 120
267 118
269 115
271 111
275 105
277 101
280 97
282 93
285 89
289 83
292 78
294 72
300 61
303 57
306 54
308 52
312 45
315 43
317 39
320 36
325 27
327 23
330 20
332 16
337 10
339 7
340 4
343 3
345 -2
348 -5
350 -9
352 -12
357 -18
359 -21
361 -22
363 -24
366 -28
368 -29
370 -31
372 -31
377 -35
378 -35
379 -38
379 -40
383 -41
383 -41
383 -41
385 -43
385 -43
387 -45
387 -47
388 -47
388 -47
388 -47
391 -46
391 -46
391 -44
392 -41
392 -40
395 -37
395 -33
395 -31
395 -24
395 -21
396 -18
396 -15
396 -9
397 -5
397 -1
397 3
395 12
395 18
395 23
394 30
394 45
391 53
391 62
389 70
389 80
387 90
387 98
384 114
384 119
382 125
382 130
380 135
380 140
379 145
376 151
376 154
376 156
378 159
378 164
378 166
378 166
378 167
378 166
.PEN_UP
.SEGMENT CHARACTER 26 ? "O"
.PEN_DOWN
320 144
320 144
320 144
322 144
322 146
322 147
322 147
322 147
324 147
324 147
323 147
323 147
321 147
319 147
317 147
316 147
316 147
316 147
315 147
315 147
315 147
315 147
312 144
310 144
310 144
306 143
305 141
305 139
302 138
301 138
297 138
297 137
296 136
296 135
293 132
291 130
289 128
288 126
286 122
285 120
282 117
281 116
278 113
278 112
277 110
277 108
277 106
275 103
275 100
273 98
270 93
270 89
268 86
267 84
267 81
266 78
264 74
264 69
262 63
262 59
260 56
260 53
260 46
258 43
258 39
257 35
257 32
257 26
257 23
257 21
254 17
254 14
254 10
254 6
257 2
257 -3
257 -6
259 -11
261 -16
261 -18
261 -20
263 -23
263 -28
265 -31
265 -34
267 -36
270 -42
270 -43
273 -45
276 -47
282 -49
285 -51
288 -51
294 -53
298 -54
301 -54
304 -54
311 -54
316 -54
320 -55
329 -55
333 -55
337 -55
342 -53
350 -51
355 -50
359 -48
364 -46
375 -43
379 -41
384 -39
389 -37
393 -36
399 -35
403 -32
405 -29
408 -26
411 -22
412 -18
415 -13
418 -7
419 -3
419 0
421 4
424 11
424 16
426 19
428 27
428 31
430 35
430 41
432 48
432 52
432 55
432 58
434 62
434 66
434 70
430 78
430 80
428 83
426 86
426 89
424 94
422 98
421 101
417 106
414 108
411 111
408 113
403 116
400 117
395 119
392 121
384 125
381 127
377 127
374 129
367 130
362 132
357 132
351 133
342 135
338 135
336 135
333 135
.PEN_UP
.SEGMENT CHARACTER 27 ? "P"
.PEN_DOWN
252 123
252 121
252 120
252 118
254 115
254 113
254 109
256 105
256 100
258 98
258 96
257 94
257 90
257 89
257 87
257 85
257 79
259 76
259 73
259 70
260 63
260 60
260 58
260 56
260 53
260 50
260 48
260 46
262 40
262 38
262 36
262 33
262 30
264 26
264 23
264 22
264 18
264 17
264 15
266 15
266 13
266 11
266 10
266 8
266 2
266 -1
266 -5
266 -8
264 -13
264 -15
264 -17
264 -19
264 -22
264 -23
264 -25
264 -27
264 -32
264 -35
263 -37
263 -39
263 -44
263 -46
263 -48
263 -52
263 -53
263 -55
263 -55
263 -56
263 -56
263 -56
261 -56
261 -59
261 -60
261 -61
261 -61
260 -61
260 -61
260 -61
260 -61
262 -61
262 -61
262 -61
261 -60
261 -60
261 -59
261 -58
261 -57
261 -54
261 -50
261 -47
261 -44
261 -35
261 -30
261 -23
261 -16
261 -4
261 2
261 7
259 13
259 24
259 29
259 34
258 40
258 51
259 56
259 62
259 69
259 75
261 82
261 88
262 94
262 102
261 106
261 108
261 111
261 114
261 115
261 117
261 120
263 121
263 125
264 127
267 128
271 131
273 132
275 134
276 136
279 138
280 139
282 139
283 139
285 135
288 135
292 135
295 135
299 134
304 135
307 135
313 138
318 139
324 139
330 140
335 140
341 140
345 140
349 140
354 138
357 138
361 136
365 135
368 135
374 135
377 135
380 132
383 131
385 129
390 126
393 125
395 122
399 119
401 118
403 115
406 111
410 105
412 103
412 100
412 98
412 93
412 91
412 88
412 86
412 80
412 77
411 74
409 72
407 66
406 63
406 60
403 58
400 52
399 50
396 48
394 46
392 43
387 42
383 39
380 36
375 36
371 34
367 34
361 34
354 33
344 32
339 30
334 29
328 28
319 25
315 25
312 23
310 23
307 23
307 23
307 23
.PEN_UP
.SEGMENT CHARACTER 28-30 ? "Q"
.PEN_DOWN
283 123
283 123
283 123
283 123
283 122
281 122
281 120
281 120
281 117
281 114
280 112
278 109
274 103
272 99
270 96
267 94
265 89
265 87
264 85
264 83
262 81
261 77
261 72
259 69
256 63
256 59
256 56
254 52
254 45
251 41
251 38
251 36
249 30
249 27
249 24
249 22
251 16
251 14
251 11
253 9
253 7
254 4
254 2
256 0
256 -3
259 -8
259 -8
262 -13
263 -16
265 -19
265 -21
267 -23
269 -25
270 -28
274 -31
279 -33
282 -33
283 -33
286 -33
291 -35
293 -35
296 -35
299 -35
301 -35
304 -35
307 -35
310 -35
317 -35
320 -35
320 -35
322 -35
324 -35
327 -35
327 -35
327 -35
329 -35
329 -34
329 -34
330 -32
330 -31
332 -31
332 -30
334 -29
337 -29
337 -29
337 -29
337 -29
337 -29
337 -29
337 -29
337 -27
339 -28
339 -28
339 -28
339 -28
337 -27
337 -27
337 -26
337 -26
337 -26
337 -26
337 -26
337 -26
335 -26
335 -26
334 -26
332 -26
.PEN_UP
.PEN_DOWN
270 132
270 132
270 132
271 134
273 136
275 138
276 139
276 140
281 142
282 142
284 144
286 144
288 146
290 146
290 147
290 147
294 147
295 147
297 146
299 146
301 146
307 145
309 145
311 146
316 146
318 145
318 144
321 144
323 141
323 140
325 140
327 139
331 136
331 136
334 134
336 134
338 133
340 132
342 132
344 130
348 128
349 128
351 126
354 125
358 121
361 120
362 118
363 117
368 114
370 113
373 112
375 110
377 108
380 106
382 103
383 103
383 101
385 100
387 98
387 96
389 94
389 93
391 92
391 91
392 89
392 88
392 85
393 82
395 80
395 78
397 75
398 73
398 68
398 67
398 65
400 63
400 59
400 57
400 55
402 53
404 49
404 46
404 44
405 42
405 38
406 35
406 34
406 32
406 27
404 26
404 23
404 21
404 18
406 15
406 13
405 11
403 8
403 5
402 1
402 -1
398 -5
398 -6
397 -7
395 -8
394 -11
392 -13
390 -14
388 -16
383 -19
382 -20
379 -20
377 -21
373 -23
371 -23
369 -24
367 -24
365 -24
363 -27
359 -27
354 -27
351 -27
347 -27
343 -28
341 -29
338 -29
.PEN_UP
.PEN_DOWN
304 21
304 21
304 22
304 22
306 24
307 24
307 24
310 24
316 23
319 21
322 18
326 14
329 10
335 4
339 -2
344 -8
351 -19
355 -23
357 -28
360 -32
363 -36
367 -40
372 -46
376 -49
379 -53
384 -58
386 -60
386 -60
387 -60
387 -60
387 -58
.PEN_UP
.SEGMENT CHARACTER 31 ? "R"
.PEN_DOWN
270 131
270 131
270 131
270 131
272 132
272 132
273 133
273 133
275 133
275 133
276 132
276 132
274 132
274 132
274 132
274 130
274 128
274 127
274 127
272 127
272 124
271 122
271 120
271 118
271 112
271 108
271 105
271 100
273 92
273 88
273 84
274 81
274 75
274 71
274 68
274 65
274 62
276 58
276 53
276 47
276 36
276 31
276 26
276 21
276 11
276 6
276 1
276 -5
275 -13
274 -17
274 -21
272 -23
272 -29
272 -31
272 -34
272 -37
270 -41
270 -46
270 -50
270 -55
270 -59
270 -63
270 -67
271 -71
271 -75
271 -75
271 -75
270 -75
270 -75
270 -75
270 -75
270 -75
270 -74
271 -71
271 -67
271 -63
271 -59
271 -52
269 -45
269 -39
269 -27
269 -21
269 -14
269 -5
269 3
269 12
271 22
271 30
271 40
271 49
271 58
271 68
271 81
271 86
271 89
271 93
272 98
272 101
274 103
274 105
277 108
279 110
279 113
282 114
288 119
291 121
295 122
298 124
306 126
309 127
313 127
316 127
324 127
328 126
331 126
335 126
343 123
347 122
351 121
356 120
365 115
369 113
372 110
376 109
380 104
380 101
380 98
380 95
380 88
380 84
380 81
378 75
378 72
378 69
377 67
374 59
371 55
368 52
365 48
357 41
352 37
348 34
343 32
333 27
328 26
325 25
321 23
315 22
313 21
313 21
312 21
312 21
312 21
312 21
310 21
310 21
310 21
310 22
310 21
310 21
310 21
310 21
310 21
310 21
313 21
313 21
317 19
319 17
322 15
325 13
329 10
334 5
339 0
343 -4
347 -8
353 -15
359 -19
364 -25
373 -34
376 -37
378 -40
381 -42
384 -45
387 -45
388 -47
388 -47
391 -48
391 -48
391 -50
391 -50
391 -52
391 -52
391 -52
.PEN_UP
.SEGMENT CHARACTER 32 ? "S"
.PEN_DOWN
370 119
370 119
370 120
370 122
370 124
370 125
370 127
370 130
370 134
369 136
367 139
367 141
365 143
363 145
360 146
357 147
351 148
347 148
345 148
342 147
338 147
336 144
332 143
328 143
319 141
316 139
313 136
311 133
302 127
298 124
294 119
290 114
286 108
282 102
277 96
276 89
274 82
276 80
276 78
276 77
279 73
279 72
281 71
284 69
285 68
289 66
291 65
293 65
296 63
300 61
302 61
305 60
307 60
310 60
314 59
317 59
321 58
324 58
327 57
330 55
332 55
336 53
338 53
340 53
340 52
344 52
346 51
347 49
352 47
354 45
357 43
361 40
364 37
368 35
369 32
373 30
379 27
382 26
384 26
385 25
390 23
391 22
393 20
395 17
398 13
400 9
401 6
403 4
405 1
405 -2
407 -4
407 -7
409 -10
409 -13
411 -17
412 -20
412 -25
412 -28
412 -31
412 -35
412 -41
411 -45
411 -48
411 -51
407 -55
406 -58
401 -61
397 -64
394 -66
385 -68
382 -68
377 -69
372 -69
362 -69
357 -69
350 -70
344 -70
330 -70
323 -70
318 -69
313 -67
308 -66
304 -63
300 -62
297 -62
.PEN_UP
.SEGMENT CHARACTER 33-34 ? "T"
.PEN_DOWN
260 134
260 132
260 132
258 132
258 132
258 132
258 131
261 131
264 131
267 132
271 132
276 134
284 134
288 134
292 134
296 134
304 134
308 134
314 135
318 136
329 139
335 140
340 141
347 142
357 142
361 142
363 140
366 140
368 140
371 139
373 139
376 137
378 137
380 137
385 138
388 140
392 141
403 143
407 143
410 143
413 145
415 145
417 145
417 145
418 145
423 144
424 144
425 144
427 144
431 145
433 145
433 145
436 145
438 145
438 145
440 145
440 145
440 145
440 145
440 145
442 146
442 146
442 146
442 145
442 145
442 145
444 145
444 145
444 145
443 145
443 143
.PEN_UP
.PEN_DOWN
340 113
342 112
342 109
342 107
342 104
342 99
344 95
344 90
348 80
349 74
349 68
350 64
352 53
352 48
353 41
353 35
356 22
356 15
356 9
356 4
357 -5
357 -8
356 -11
356 -13
356 -18
357 -21
357 -24
358 -27
358 -30
360 -33
358 -41
358 -43
358 -45
358 -48
358 -55
358 -57
357 -59
357 -61
357 -63
357 -65
357 -67
357 -69
357 -70
357 -73
359 -74
357 -76
357 -79
357 -84
357 -87
357 -89
357 -90
357 -92
357 -94
357 -95
357 -98
357 -100
359 -102
359 -103
359 -105
359 -111
359 -112
360 -115
360 -117
360 -117
360 -118
360 -118
360 -118
360 -118
360 -118
359 -120
359 -120
.PEN_UP
.SEGMENT CHARACTER 35 ? "U"
.PEN_DOWN
292 121
292 121
291 121
291 121
291 120
291 120
291 120
291 120
291 118
292 117
292 115
293 112
295 108
295 105
295 102
295 99
295 95
295 91
295 87
296 84
296 78
297 74
297 71
297 69
296 63
296 60
296 56
296 53
296 50
296 47
295 44
295 42
295 38
295 36
296 34
296 31
296 28
296 23
296 19
296 15
293 8
293 4
291 1
291 -2
291 -5
291 -8
291 -10
291 -13
291 -18
293 -20
293 -22
295 -24
295 -28
298 -30
298 -33
298 -34
299 -38
299 -39
301 -42
302 -45
302 -48
303 -50
303 -51
305 -52
308 -56
310 -58
312 -61
314 -63
316 -63
318 -66
321 -67
324 -68
329 -70
332 -70
335 -72
339 -72
347 -73
350 -73
354 -72
357 -72
363 -72
365 -73
367 -73
371 -73
372 -73
376 -71
379 -69
382 -67
388 -61
391 -57
394 -54
398 -50
401 -45
404 -41
407 -37
410 -30
410 -28
413 -24
414 -22
414 -20
418 -16
418 -13
419 -9
421 -3
423 0
423 3
423 6
426 12
426 14
426 18
426 22
426 27
426 31
428 35
428 44
430 47
430 52
430 55
432 60
432 62
432 64
432 67
432 73
432 76
432 79
432 81
431 89
431 91
430 95
430 100
428 107
428 110
426 113
425 115
425 117
423 119
423 121
422 123
417 128
416 130
414 132
412 134
412 134
412 134
.PEN_UP
.SEGMENT CHARACTER 36 ? "V"
.PEN_DOWN
162 314
162 314
161 314
161 315
161 316
161 316
161 316
161 316
163 316
163 316
163 316
163 316
163 315
161 314
161 313
160 311
160 311
160 309
160 309
160 307
160 305
161 302
161 299
161 295
164 290
164 286
167 281
168 276
169 271
169 266
172 261
175 256
179 250
181 246
181 242
183 239
185 235
187 231
189 227
191 223
193 219
193 216
195 213
196 209
196 205
196 198
196 194
196 191
197 189
197 185
201 182
201 179
201 176
202 173
202 171
204 169
205 166
207 158
207 155
207 152
208 150
211 145
212 142
212 140
212 138
216 133
216 131
218 130
218 127
220 124
220 121
221 117
222 114
224 109
224 107
224 106
224 105
227 104
227 102
228 102
228 101
230 99
230 99
230 98
230 98
232 96
232 96
234 95
234 95
234 92
235 90
235 89
237 89
237 87
237 87
237 85
237 84
237 84
238 83
238 84
240 84
241 85
241 90
243 91
243 94
245 97
247 99
250 105
252 111
255 118
261 135
264 144
267 154
270 163
278 180
281 188
284 196
287 203
290 212
292 219
297 226
300 243
303 250
305 259
308 267
314 283
315 291
318 297
321 304
324 312
325 314
327 315
327 316
327 316
327 316
327 316
327 316
327 316
327 316
327 316
329 317
329 317
330 317
330 317
.PEN_UP
.SEGMENT CHARACTER 37 ? "W"
.PEN_DOWN
154 295
152 295
152 295
152 295
152 295
152 293
152 293
152 293
152 293
152 293
151 293
152 292
152 289
152 286
152 284
153 283
153 280
156 277
157 274
157 270
157 262
159 259
159 255
159 252
159 248
160 244
160 240
162 235
165 227
165 223
165 220
165 217
165 213
167 209
167 205
169 201
169 199
169 197
170 192
170 189
169 184
169 177
169 174
169 171
169 169
169 167
169 165
169 162
169 160
169 156
169 154
169 152
169 152
169 149
169 146
169 144
169 142
169 141
169 138
171 138
171 138
171 138
171 136
173 136
173 134
174 133
174 129
174 127
174 124
174 123
176 121
176 120
176 120
176 120
176 119
178 119
178 122
180 124
182 127
183 131
185 135
189 144
192 149
194 154
197 160
199 168
203 177
207 186
209 195
216 206
219 210
221 214
223 218
226 224
228 227
228 229
230 232
231 236
233 238
233 240
235 241
237 243
237 245
239 247
239 249
239 249
241 250
241 250
241 250
242 249
242 249
242 248
242 248
242 247
245 244
245 244
245 242
245 240
247 236
247 233
249 230
251 228
254 220
256 215
258 209
260 204
265 193
267 188
270 183
272 178
274 174
278 169
281 165
284 162
288 158
289 157
289 157
291 155
293 154
293 154
293 154
293 154
293 154
295 154
295 154
295 156
296 159
296 163
299 167
301 173
303 179
306 186
309 194
309 205
311 214
313 225
313 235
314 246
317 265
317 273
319 281
319 287
321 298
323 301
323 304
325 307
325 310
326 311
326 312
326 312
326 313
.PEN_UP
.SEGMENT CHARACTER 38-39 ? "X"
.PEN_DOWN
172 305
172 305
172 304
172 304
173 304
173 304
173 302
175 301
177 298
180 294
183 290
185 286
188 281
192 274
195 265
201 255
212 238
219 231
225 225
230 220
235 215
243 210
250 204
257 198
269 189
274 184
279 180
282 175
288 167
290 163
292 159
293 156
295 152
295 148
296 145
298 142
298 140
301 138
301 137
304 135
304 135
306 135
306 135
307 135
309 135
309 137
309 137
309 137
309 137
309 137
.PEN_UP
.PEN_DOWN
186 125
186 127
186 131
187 136
194 147
198 155
202 162
207 171
216 190
222 199
228 210
234 221
244 242
250 252
255 261
260 270
264 278
268 285
273 291
277 296
279 299
281 302
282 303
282 303
282 304
284 304
284 304
284 304
.PEN_UP
.SEGMENT CHARACTER 40-41 ? "Y"
.PEN_DOWN
181 310
181 310
181 311
181 311
183 311
183 311
185 311
185 309
187 307
189 303
192 301
194 298
199 291
202 287
205 282
209 279
214 271
217 267
220 263
222 259
229 250
232 245
235 240
239 236
242 231
247 227
252 223
255 220
258 218
261 215
265 214
268 214
272 211
274 210
276 209
276 209
278 207
278 207
281 207
281 207
281 207
282 206
283 206
285 206
286 204
286 204
286 204
286 204
286 204
286 202
286 202
286 202
.PEN_UP
.PEN_DOWN
314 316
314 316
314 316
314 315
313 312
313 310
311 309
311 308
310 306
310 303
309 299
308 297
308 293
305 286
305 281
303 276
301 271
297 258
294 251
292 242
289 233
283 215
280 205
277 196
274 188
269 173
268 167
268 161
266 157
266 150
266 147
266 144
264 140
262 132
262 127
262 121
259 116
256 105
254 101
252 97
250 93
250 91
249 89
249 88
247 88
247 86
247 86
247 85
247 84
248 81
248 81
248 80
247 78
247 76
248 76
248 76
248 76
248 76
248 76
249 74
249 74
247 74
247 74
247 74
247 76
.PEN_UP
.SEGMENT CHARACTER 42 ? "Z"
.PEN_DOWN
198 306
198 306
198 306
199 306
200 308
200 308
203 309
203 309
203 309
207 308
209 308
213 306
215 306
217 305
223 305
228 305
235 307
248 309
254 310
259 312
262 313
267 314
274 314
278 316
282 317
289 318
292 318
296 317
299 317
302 317
306 317
309 318
313 318
317 318
319 318
320 317
323 316
325 316
327 316
330 315
330 315
331 315
331 315
333 313
333 313
335 312
335 311
335 311
336 311
336 311
336 311
336 311
336 309
337 309
337 309
338 310
338 310
338 310
338 310
338 310
338 310
338 310
338 309
338 309
338 307
337 307
335 304
335 302
334 300
333 298
330 292
329 290
327 287
327 284
324 277
324 274
322 269
321 265
318 255
316 249
313 243
311 237
305 225
303 219
301 213
298 207
295 196
293 191
290 187
288 183
283 174
281 170
279 165
278 163
274 154
271 150
269 146
267 141
263 133
261 129
259 126
257 123
254 117
254 115
252 113
252 113
250 110
249 110
249 108
247 107
246 105
246 103
243 103
243 102
243 100
242 100
242 98
242 97
240 95
240 95
238 94
238 94
237 93
237 92
237 92
237 92
237 91
238 91
241 92
246 95
248 96
250 96
254 97
261 100
265 100
271 102
277 103
290 103
296 103
301 103
307 103
315 103
319 103
323 101
326 101
333 100
336 100
338 100
340 100
341 99
341 99
346 97
348 97
350 95
350 95
352 94
352 94
355 94
356 93
.PEN_UP
.SEGMENT CHARACTER 43-44 ? "a"
.PEN_DOWN
287 193
287 193
287 193
287 192
287 192
287 191
287 191
286 191
286 191
287 188
287 188
287 188
287 188
286 188
286 188
286 190
286 190
286 191
286 191
286 191
288 191
288 191
288 191
.PEN_UP
.PEN_DOWN
294 172
294 172
294 172
295 172
295 172
295 172
296 172
296 172
296 172
294 172
294 172
294 172
293 172
293 172
294 174
294 176
296 177
296 181
296 182
296 182
296 183
296 183
296 183
296 185
294 185
293 187
293 187
293 187
293 187
290 187
290 187
289 187
289 187
289 187
287 187
287 187
287 187
285 187
285 185
285 185
283 183
280 182
280 182
278 180
276 180
275 179
273 179
271 178
269 176
267 173
265 171
264 169
261 168
259 163
258 162
256 160
256 158
252 156
251 154
249 152
248 152
248 150
246 148
244 148
242 143
242 137
241 134
241 132
241 131
238 127
238 125
238 122
238 119
238 118
236 115
238 111
238 109
239 109
241 107
241 107
244 105
246 104
248 102
252 101
256 101
259 101
261 100
264 100
271 98
275 98
277 98
281 98
284 99
286 99
290 99
293 100
296 102
298 104
304 107
307 109
309 112
312 115
315 119
317 122
321 125
324 129
324 132
329 134
329 136
329 139
329 140
327 142
327 144
327 145
327 148
327 151
327 153
327 156
327 159
327 160
327 160
326 162
326 162
326 162
326 164
326 164
326 164
326 164
326 164
326 166
326 166
326 166
326 166
325 166
325 165
325 165
325 163
326 161
326 160
328 155
330 150
330 145
335 135
337 131
341 125
344 121
346 117
351 112
354 109
356 107
360 104
362 104
363 102
366 100
368 99
370 99
370 99
371 98
372 96
372 96
372 95
372 95
372 93
.PEN_UP
.SEGMENT CHARACTER 45 ? "b"
.PEN_DOWN
208 285
208 287
208 287
208 287
208 287
208 285
208 285
208 286
208 286
208 286
208 286
208 284
208 280
208 278
208 276
208 273
210 269
211 262
211 257
211 253
211 249
211 245
214 239
214 235
216 232
217 225
217 222
217 218
217 215
219 211
220 207
220 202
223 196
225 184
226 179
226 174
226 172
228 168
229 163
229 160
230 156
230 151
230 148
230 146
230 143
232 136
232 133
232 129
232 125
232 122
232 118
230 114
230 111
230 108
230 107
230 105
232 105
232 105
232 106
232 106
232 106
231 106
231 106
231 108
232 110
232 113
232 116
232 120
234 124
234 129
237 136
237 140
238 142
238 145
238 150
239 152
239 154
241 157
244 161
246 164
247 166
250 170
254 175
257 177
259 179
261 181
268 184
270 184
273 186
276 186
279 188
283 189
288 189
292 192
300 193
303 193
308 192
314 188
318 185
321 182
323 180
329 175
331 172
333 169
335 166
340 160
343 157
345 153
348 150
351 141
354 138
355 135
355 132
358 126
358 123
358 120
357 118
352 111
350 107
346 105
341 102
334 98
329 97
324 97
318 97
305 97
299 98
293 98
287 100
281 100
276 101
271 101
268 101
263 101
260 100
258 100
.PEN_UP
.SEGMENT CHARACTER 46 ? "c"
.PEN_DOWN
282 207
282 207
282 207
282 207
282 207
282 208
284 208
284 209
285 209
287 206
287 204
287 201
287 199
287 196
287 193
287 192
287 189
289 188
289 188
289 187
290 186
290 186
290 185
290 183
290 183
290 185
290 186
290 187
290 189
290 193
292 196
292 201
290 209
290 210
290 212
288 213
287 213
285 214
282 214
280 212
274 209
272 209
269 207
266 207
263 205
260 204
259 202
257 202
253 201
253 200
250 198
248 196
243 192
241 188
239 185
236 182
233 179
229 174
225 170
222 164
218 154
214 150
212 146
209 142
206 135
206 132
204 131
204 128
205 123
207 119
209 115
212 112
217 106
220 104
223 101
226 98
230 95
235 92
240 90
248 88
254 88
261 88
268 88
274 88
284 88
287 88
292 88
296 88
301 89
304 89
305 91
307 92
310 94
.PEN_UP
.SEGMENT CHARACTER 47 ? "d"
.PEN_DOWN
293 185
293 185
295 186
296 186
298 189
298 191
298 193
298 195
298 198
298 199
298 199
296 201
295 203
295 203
293 206
291 209
291 210
288 213
285 214
283 214
281 216
275 215
272 214
268 212
264 212
262 210
258 208
255 207
252 205
247 203
242 197
238 194
235 190
232 186
226 179
223 174
219 171
217 167
212 159
209 155
208 151
208 148
205 145
205 139
205 136
204 132
205 125
207 122
208 119
210 117
217 114
221 114
225 114
230 112
239 110
243 109
247 108
251 108
254 108
260 108
265 109
267 111
275 114
278 116
282 119
287 123
293 131
298 137
302 142
306 149
315 162
318 169
322 175
324 181
327 196
329 203
329 211
331 219
334 233
335 241
335 247
336 254
336 267
336 273
336 278
336 282
338 291
338 294
337 297
337 304
337 307
337 310
337 313
337 316
337 316
335 318
335 318
335 318
335 316
337 315
336 313
336 311
335 308
335 305
335 303
335 299
333 295
332 290
332 284
332 275
331 268
331 260
331 242
331 234
331 225
331 217
329 207
327 196
327 186
327 170
329 163
329 156
330 151
332 145
334 139
337 135
340 128
341 127
343 125
343 124
343 124
343 122
343 122
346 119
346 119
346 118
346 118
.PEN_UP
.SEGMENT CHARACTER 48 ? "e"
.PEN_DOWN
322 128
320 128
320 127
319 127
317 126
317 126
316 126
316 126
316 126
316 126
316 124
313 124
312 122
310 121
307 119
304 118
300 117
297 117
296 117
294 117
290 116
288 116
285 116
283 116
277 116
273 116
269 116
264 117
255 117
250 118
246 119
242 120
239 120
235 123
231 123
229 123
227 125
225 127
225 128
225 131
223 133
222 136
222 139
220 143
219 147
220 151
220 155
217 160
217 167
218 170
220 174
222 178
223 186
225 190
226 194
229 198
235 206
237 212
240 216
242 220
247 227
249 230
251 234
254 236
260 238
264 239
267 239
271 241
278 242
282 243
286 245
290 246
295 246
301 246
305 245
313 242
322 238
327 236
329 235
332 233
337 229
338 227
340 224
342 222
343 219
345 215
345 212
345 206
345 205
343 203
342 202
338 199
335 197
331 195
327 193
321 192
313 191
305 189
297 188
282 185
276 185
270 183
266 183
258 182
255 182
253 182
251 180
248 180
247 180
247 179
247 179
.PEN_UP
.SEGMENT CHARACTER 49-50 ? "f"
.PEN_DOWN
263 134
263 134
263 132
263 131
263 131
263 129
263 129
263 129
263 129
263 132
263 133
263 133
263 140
263 145
265 151
265 158
269 172
269 180
271 187
272 196
272 204
274 213
275 224
275 234
275 244
275 253
275 262
275 271
275 278
279 285
283 291
285 296
289 300
292 302
295 303
301 303
305 306
312 307
316 307
321 307
326 307
331 306
338 306
343 306
350 306
357 306
361 306
365 306
370 304
374 303
374 302
375 302
375 302
.PEN_UP
.PEN_DOWN
219 196
218 196
219 196
221 197
222 197
228 196
231 196
235 197
242 197
246 198
254 199
262 199
269 201
284 203
289 204
295 204
299 204
307 203
310 202
311 202
314 201
317 199
321 199
324 198
325 198
329 200
332 201
334 202
334 203
336 203
.PEN_UP
.SEGMENT CHARACTER 51-52 ? "g"
.PEN_DOWN
293 193
293 194
293 196
295 199
295 204
295 206
297 209
297 212
298 215
298 217
296 220
295 222
293 225
292 228
292 230
289 234
285 238
282 239
280 239
277 240
272 240
270 240
267 241
264 241
258 241
255 240
251 240
249 239
242 239
239 236
237 236
234 233
232 230
230 228
227 224
225 220
220 214
220 210
218 206
218 202
216 197
216 190
214 186
214 183
214 179
214 176
216 173
218 170
220 167
226 164
230 162
234 161
239 161
247 163
250 164
253 166
257 168
260 171
263 175
266 177
269 177
271 178
271 178
271 178
271 178
271 177
271 177
271 175
271 175
271 175
274 174
276 174
278 175
279 175
279 175
281 177
281 177
282 177
282 177
282 178
282 178
282 178
282 178
283 176
283 176
282 177
282 177
282 177
282 177
282 177
282 177
282 177
282 178
282 178
282 178
280 178
280 177
280 178
.PEN_UP
.PEN_DOWN
279 203
279 203
279 203
279 203
279 202
279 202
277 202
277 201
277 200
277 199
277 197
277 195
277 192
277 187
278 183
280 176
284 162
286 155
288 149
288 143
291 137
294 126
294 120
297 115
298 110
298 106
301 100
301 97
303 92
306 83
307 78
307 73
309 68
309 57
309 53
309 49
307 44
307 37
305 34
305 31
304 29
302 26
302 23
300 20
296 17
290 9
286 6
283 4
280 1
275 1
270 -1
266 -1
261 -1
255 2
252 4
250 5
248 6
247 9
245 9
243 12
240 15
237 15
236 18
232 19
230 20
227 22
.PEN_UP
.SEGMENT CHARACTER 53 ? "h"
.PEN_DOWN
254 254
254 254
254 254
254 254
254 254
254 254
254 254
254 254
254 254
254 254
254 254
254 254
254 254
254 252
254 250
254 247
254 239
252 235
252 230
252 225
252 220
255 213
256 207
256 201
258 189
258 184
260 179
260 174
260 162
260 156
260 150
260 145
262 134
262 129
262 125
259 121
259 118
259 114
260 111
261 110
261 105
261 102
260 98
260 95
258 87
258 84
257 80
255 76
255 72
254 69
253 66
254 63
253 62
254 62
254 61
254 61
254 59
254 59
254 59
254 59
254 59
254 59
254 59
254 61
254 65
256 69
256 72
256 76
258 81
258 84
259 88
262 96
265 100
267 105
270 108
273 112
276 117
280 121
285 125
290 129
297 132
304 135
309 138
315 140
320 142
326 143
332 144
338 144
349 143
353 141
356 140
360 137
364 130
367 126
367 121
368 118
370 109
370 106
372 101
372 95
372 85
372 79
372 74
372 70
372 66
372 63
372 59
372 54
372 51
372 50
372 50
.PEN_UP
.SEGMENT CHARACTER 54-55 ? "i"
.PEN_DOWN
283 196
283 196
283 197
283 197
283 197
283 197
283 195
283 195
283 194
282 193
282 193
283 191
286 185
286 181
286 177
289 174
289 164
291 159
291 154
291 149
291 138
291 133
289 127
289 121
289 112
289 107
289 104
289 100
290 97
290 94
290 90
290 86
290 80
290 78
290 77
290 77
292 75
292 75
292 75
292 75
292 74
292 74
292 75
292 75
292 75
292 75
290 76
.PEN_UP
.PEN_DOWN
268 289
265 288
264 288
264 288
.PEN_UP
.SEGMENT CHARACTER 56-58 ? "j"
.PEN_DOWN
319 126
319 126
317 126
317 126
316 126
315 126
315 126
313 125
313 125
313 124
315 124
315 125
313 125
313 126
313 126
313 126
313 126
313 125
313 125
313 125
313 125
313 125
313 125
313 125
312 125
313 125
313 125
313 125
313 125
313 125
312 124
.PEN_UP
.PEN_DOWN
299 134
299 134
299 133
299 133
299 132
299 130
301 129
301 129
301 126
299 125
299 124
299 123
299 123
299 121
299 119
299 118
299 114
299 113
298 111
298 109
298 103
298 101
298 98
298 96
300 89
300 87
301 83
301 80
301 74
301 72
301 70
303 68
303 65
306 63
306 61
306 57
308 51
308 48
310 45
310 42
310 38
313 34
313 29
315 25
315 19
315 18
315 15
315 13
315 11
317 7
316 4
316 0
317 -9
317 -13
317 -16
317 -18
317 -25
317 -27
317 -30
317 -33
316 -36
316 -38
316 -39
316 -39
316 -42
316 -44
316 -45
314 -47
311 -51
311 -53
309 -55
307 -58
301 -63
298 -65
294 -67
291 -67
282 -68
278 -67
275 -66
270 -64
267 -62
265 -62
262 -60
262 -58
259 -55
259 -55
257 -54
257 -52
254 -50
253 -48
252 -47
250 -46
250 -44
.PEN_UP
.PEN_DOWN
305 229
301 229
299 229
299 229
.PEN_UP
.SEGMENT CHARACTER 59-60 ? "k"
.PEN_DOWN
258 259
258 259
258 259
258 259
258 260
258 261
261 261
261 264
261 264
261 264
264 264
264 262
264 256
265 251
265 248
267 244
267 239
269 234
269 227
272 217
276 199
276 189
278 180
279 171
281 153
279 145
279 136
279 130
278 118
278 113
278 109
278 104
278 96
278 93
278 89
278 86
278 82
275 79
275 76
274 73
274 71
274 71
274 70
274 69
274 69
274 68
272 68
272 68
.PEN_UP
.PEN_DOWN
371 238
371 236
370 236
370 235
370 234
370 231
368 230
366 226
363 219
361 215
359 210
356 205
353 200
350 193
345 186
341 180
332 171
330 167
327 164
323 161
319 156
317 154
315 152
314 150
314 149
314 147
314 147
315 147
318 144
321 144
323 143
326 142
332 140
335 138
340 136
345 133
354 127
358 124
360 121
364 118
371 111
374 108
378 105
381 103
387 98
389 96
389 94
391 91
393 87
395 85
397 84
397 84
401 79
403 79
404 78
404 78
.PEN_UP
.SEGMENT CHARACTER 61 ? "l"
.PEN_DOWN
292 283
292 283
290 283
290 283
290 283
290 284
292 284
294 284
294 284
298 282
300 281
300 279
303 269
304 263
304 256
305 250
305 238
305 232
305 226
307 219
307 211
307 202
307 190
307 180
305 159
305 151
305 143
305 135
305 124
305 121
305 118
306 116
306 113
308 112
308 109
308 108
308 103
308 100
308 98
308 96
306 93
306 91
306 91
306 89
306 87
306 87
306 85
308 85
.PEN_UP
.SEGMENT CHARACTER 62 ? "m"
.PEN_DOWN
257 158
257 159
257 159
257 159
257 159
257 157
257 158
257 158
257 158
257 157
257 155
257 154
257 149
259 147
260 145
260 142
263 139
265 135
265 131
266 127
266 120
266 116
266 113
266 111
266 106
266 104
266 102
266 100
266 96
266 93
266 91
266 88
266 85
269 82
269 79
269 75
269 74
269 72
270 70
270 70
267 68
267 68
267 66
267 66
267 66
267 66
266 67
266 67
267 67
267 67
267 67
267 70
267 75
269 78
269 82
269 86
269 91
269 97
269 104
269 109
271 119
271 123
271 127
271 132
271 135
271 141
272 147
275 150
279 158
281 160
282 163
284 166
288 168
289 168
290 169
292 169
295 169
296 169
300 168
302 168
309 165
310 165
313 164
317 162
319 161
322 158
325 154
328 150
333 142
334 138
335 134
335 129
335 123
337 118
337 114
337 112
337 106
335 105
335 103
334 102
334 102
334 100
336 100
336 100
336 100
336 100
334 100
334 100
336 104
336 107
340 111
345 121
348 125
349 128
350 131
356 139
358 143
361 146
365 149
370 154
374 155
381 159
386 161
389 164
391 166
399 168
403 168
406 168
409 166
412 162
414 159
414 155
416 151
416 145
416 139
417 132
417 125
415 112
413 107
413 103
411 99
411 93
410 91
410 88
410 87
410 85
.PEN_UP
.SEGMENT CHARACTER 63 ? "n"
.PEN_DOWN
282 181
282 180
282 179
283 177
283 175
287 171
287 168
287 164
287 156
287 151
287 145
287 141
287 131
287 126
287 121
289 116
291 106
291 101
291 96
291 91
292 82
292 78
292 75
292 73
292 72
292 72
292 72
292 72
292 71
292 71
292 71
292 71
292 72
292 72
292 75
292 77
292 83
292 87
293 91
295 96
297 107
297 113
299 119
299 125
301 131
305 137
306 144
307 149
312 156
314 159
316 161
320 164
326 169
330 171
333 173
337 175
341 175
347 176
353 176
359 175
364 175
370 169
376 165
380 161
386 151
388 147
390 142
392 138
394 129
395 124
395 120
395 116
395 110
395 105
393 99
395 94
395 91
395 88
396 85
396 84
396 82
398 82
398 83
.PEN_UP
.SEGMENT CHARACTER 64 ? "o"
.PEN_DOWN
318 169
318 168
318 168
318 168
316 167
315 165
312 164
310 162
307 158
304 156
303 154
301 153
298 149
297 146
295 144
292 142
288 136
285 132
283 128
281 123
277 115
275 110
273 106
273 102
273 96
275 93
278 89
281 86
289 81
294 79
299 79
306 79
314 79
325 81
335 84
346 89
364 97
371 102
377 106
380 110
388 118
388 121
390 126
390 130
389 134
388 141
385 147
381 154
375 165
370 170
365 173
361 176
355 179
351 179
346 180
340 180
.PEN_UP
.SEGMENT CHARACTER 65 ? "p"
.PEN_DOWN
288 120
288 117
288 116
288 114
290 108
290 106
292 103
293 100
295 96
296 89
298 82
301 74
303 65
305 54
306 42
306 30
306 10
306 1
306 -6
306 -13
306 -20
306 -27
306 -43
305 -45
305 -47
305 -50
305 -56
305 -57
305 -57
305 -58
305 -59
305 -61
305 -63
305 -64
305 -64
305 -64
305 -64
305 -63
305 -61
305 -58
305 -55
305 -50
305 -44
305 -41
305 -39
305 -36
305 -33
305 -28
304 -23
304 -18
304 -4
304 2
304 10
304 17
304 24
304 33
304 42
304 52
304 67
305 73
305 78
306 83
309 93
311 97
313 101
315 105
317 109
320 114
324 118
331 124
333 126
334 127
337 127
345 127
349 126
354 125
358 123
363 121
370 118
375 115
379 111
389 105
394 101
398 98
401 95
409 88
411 84
413 82
415 79
415 73
415 69
413 64
411 61
405 52
400 48
396 44
391 40
385 35
378 31
370 28
356 28
351 28
348 28
344 30
342 30
339 31
338 31
338 31
.PEN_UP
.SEGMENT CHARACTER 66 ? "q"
.PEN_DOWN
268 263
268 262
268 262
268 262
268 262
267 263
267 263
267 263
267 266
270 268
270 270
270 273
271 274
271 278
271 280
271 282
268 286
268 287
266 288
264 290
262 290
260 292
258 294
256 295
256 296
253 297
250 297
248 297
243 296
240 295
237 293
234 291
228 286
225 284
223 280
220 278
218 275
215 271
211 268
208 264
207 260
207 256
203 252
202 247
199 239
199 235
197 231
197 227
195 223
195 219
194 213
194 209
193 205
193 201
194 198
194 194
196 191
199 188
203 186
208 186
213 184
224 184
229 184
233 185
238 185
242 187
247 189
253 191
256 194
259 197
262 201
264 205
266 209
270 218
272 221
274 226
276 229
277 233
277 238
279 241
282 246
283 248
283 250
285 253
285 255
287 257
287 258
287 258
287 259
287 259
285 258
285 258
282 256
282 255
282 253
281 250
282 245
282 241
282 235
284 220
285 212
285 204
285 197
285 180
285 173
283 166
283 159
283 145
285 139
285 132
285 128
287 120
289 118
291 116
291 115
293 115
293 115
294 115
294 116
296 119
296 121
297 122
.PEN_UP
.SEGMENT CHARACTER 67 ? "r"
.PEN_DOWN
200 203
200 203
200 203
200 203
200 205
200 207
200 209
199 211
199 214
200 218
200 229
200 232
200 235
200 240
202 247
202 256
202 264
203 272
203 283
204 285
204 288
206 290
209 292
211 294
213 295
215 297
218 300
223 303
229 307
236 311
252 316
260 317
266 317
274 318
280 318
286 318
292 317
297 315
300 315
302 314
304 313
305 312
.PEN_UP
.SEGMENT CHARACTER 68 ? "s"
.PEN_DOWN
247 333
247 333
248 332
248 332
250 332
250 332
250 332
251 332
251 333
251 333
249 332
249 332
249 332
249 333
248 333
248 333
244 333
242 332
240 330
236 330
229 324
226 322
221 319
216 315
207 307
203 302
199 299
196 296
193 293
190 290
188 287
186 284
186 282
186 282
188 279
191 277
193 277
196 275
201 273
206 272
211 270
222 267
227 266
233 266
239 264
244 263
249 263
254 261
260 258
264 256
269 249
271 246
271 242
271 239
271 237
271 233
271 231
271 229
271 225
267 223
263 219
259 216
250 210
244 209
239 207
231 207
221 206
217 206
213 208
207 208
203 208
200 208
198 207
195 207
.PEN_UP
.SEGMENT CHARACTER 69-70 ? "t"
.PEN_DOWN
236 416
236 416
236 416
236 414
238 414
238 414
239 413
239 413
239 407
238 404
238 399
238 393
238 387
238 377
238 367
240 356
240 334
240 325
240 315
240 306
241 297
241 288
241 278
241 271
241 257
241 251
241 246
241 242
241 238
241 236
241 234
241 232
241 230
241 229
240 229
240 227
240 226
240 227
240 227
240 227
240 227
240 226
240 226
240 226
240 226
240 224
240 224
240 224
240 224
240 224
240 223
240 222
238 222
238 220
238 220
238 219
238 219
238 219
238 219
238 219
240 219
238 219
238 218
238 218
238 218
238 218
238 218
238 218
238 218
238 218
238 218
238 218
238 218
238 218
238 218
238 218
238 218
238 218
240 218
240 218
240 218
240 216
240 216
240 215
241 215
243 215
245 214
248 214
252 214
260 217
264 219
268 221
273 223
282 229
287 231
291 233
294 235
296 236
298 236
298 236
298 236
302 236
.PEN_UP
.PEN_DOWN
187 347
185 347
185 347
185 347
186 348
190 348
193 348
196 348
206 346
213 346
221 345
229 345
237 347
247 349
256 350
264 353
277 356
280 356
284 356
288 358
291 358
292 356
292 356
294 354
294 353
296 353
.PEN_UP
.SEGMENT CHARACTER 71 ? "u"
.PEN_DOWN
198 307
198 307
198 307
198 307
198 307
197 307
197 306
197 305
197 302
197 300
197 298
197 296
197 293
197 289
199 285
199 283
199 280
198 273
198 268
198 265
198 261
197 257
197 253
195 248
195 243
195 239
194 233
194 228
195 224
195 219
197 214
198 210
198 206
201 203
204 200
208 200
212 200
215 202
226 205
230 208
236 211
240 214
244 219
251 224
257 230
261 237
264 242
268 247
271 252
274 257
276 267
276 271
278 275
279 281
281 290
281 295
281 298
282 301
282 303
282 303
282 304
282 304
282 304
282 304
282 304
282 304
282 304
282 301
282 299
284 291
285 286
285 280
288 274
288 260
289 253
291 247
291 240
294 228
296 223
296 219
298 216
298 212
300 209
300 206
300 206
302 204
302 203
.PEN_UP
.SEGMENT CHARACTER 72 ? "v"
.PEN_DOWN
199 323
199 323
199 323
199 323
198 322
198 323
198 323
201 321
204 320
206 318
211 314
215 309
218 303
222 289
224 281
226 273
228 264
228 256
230 246
231 237
231 228
236 217
236 213
238 210
238 207
240 204
242 202
242 201
244 201
248 200
250 200
252 202
255 206
261 214
264 219
268 225
272 233
277 240
282 251
286 261
292 270
297 280
300 286
305 294
308 300
311 306
313 312
315 316
.PEN_UP
.SEGMENT CHARACTER 73 ? "w"
.PEN_DOWN
178 315
177 315
177 315
179 315
179 314
182 312
183 312
183 310
185 303
185 299
187 294
188 288
188 283
188 275
190 266
192 258
193 249
193 242
195 235
195 227
195 220
195 216
195 213
195 209
195 208
195 206
195 200
195 200
195 199
195 199
198 199
201 202
201 204
204 206
205 210
205 213
210 217
213 223
215 230
219 242
221 247
224 252
227 257
231 266
234 270
235 273
235 275
237 277
237 280
239 281
242 282
242 284
244 284
246 284
246 282
248 279
248 277
251 273
252 270
254 264
258 258
259 252
263 240
265 235
267 231
270 227
274 221
277 218
279 215
281 214
285 210
287 210
289 210
291 212
295 216
298 219
300 222
304 228
308 237
311 244
314 252
317 259
320 267
323 278
324 289
327 298
329 311
331 315
331 317
331 319
333 322
333 323
335 323
335 325
.PEN_UP
.SEGMENT CHARACTER 74-75 ? "x"
.PEN_DOWN
222 321
220 321
220 322
220 323
222 323
224 325
224 325
227 325
234 320
236 317
241 313
243 308
246 302
252 293
255 283
260 275
267 258
271 252
275 246
280 241
284 237
290 231
295 228
299 223
307 213
309 210
312 208
314 208
316 207
319 207
320 207
323 207
326 210
326 212
328 212
328 213
328 213
.PEN_UP
.PEN_DOWN
211 222
211 224
211 229
214 235
218 241
223 250
226 259
233 268
239 277
246 287
255 297
262 307
272 316
283 330
289 337
292 343
296 349
301 356
302 359
302 359
302 361
.PEN_UP
.SEGMENT CHARACTER 76-77 ? "y"
.PEN_DOWN
222 301
221 301
221 301
221 303
222 303
224 303
226 303
229 303
233 303
238 301
243 297
248 293
253 288
261 276
263 270
267 262
271 255
279 241
283 234
286 229
289 224
293 220
296 217
298 214
298 211
300 209
300 208
298 208
298 208
.PEN_UP
.PEN_DOWN
330 323
329 322
329 320
329 317
327 305
326 296
324 286
321 276
314 252
311 239
308 227
304 213
300 200
296 185
291 169
287 154
284 138
281 125
279 114
276 105
276 94
276 92
276 91
.PEN_UP
.SEGMENT CHARACTER 78 ? "z"
.PEN_DOWN
227 309
227 308
227 309
225 309
225 309
225 309
225 309
230 308
234 309
237 309
242 310
250 312
257 314
267 315
276 317
285 318
294 319
302 321
311 321
317 323
322 323
327 323
330 323
332 323
332 323
332 323
329 318
327 314
325 308
323 304
315 294
311 288
307 282
302 276
297 269
290 262
282 252
277 244
271 238
266 233
263 228
259 225
254 223
251 220
248 218
246 216
243 214
243 213
243 213
243 213
244 213
247 214
248 215
254 215
263 216
270 216
275 216
282 217
295 217
301 218
308 218
314 218
328 219
334 219
339 220
347 220
351 221
355 221
358 220
363 220
363 220
364 219
.PEN_UP
.SEGMENT CHARACTER 79 ? "0"
.PEN_DOWN
245 461
243 461
242 461
242 459
242 459
242 459
243 459
245 459
246 460
249 460
250 462
250 462
253 459
253 457
253 454
251 451
249 448
248 445
246 441
244 438
242 435
242 432
242 428
242 425
240 421
240 411
239 407
239 402
237 397
235 393
234 386
233 379
230 374
228 365
227 361
227 356
227 352
227 347
228 341
228 335
228 330
228 324
229 318
229 312
231 306
234 294
236 290
238 285
240 281
242 277
244 273
245 268
250 263
253 257
256 254
258 251
261 249
269 246
273 246
278 245
284 245
297 245
303 247
309 249
314 252
324 259
329 263
332 267
337 272
345 283
349 289
353 295
356 301
362 313
364 319
366 326
369 333
371 342
375 350
377 358
377 374
379 382
379 389
379 396
380 409
380 416
380 421
380 427
379 433
377 439
375 444
373 450
367 459
363 462
360 466
356 469
349 476
345 478
341 481
337 483
328 486
324 486
319 486
315 484
309 482
302 478
295 473
288 467
278 456
.PEN_UP
.SEGMENT CHARACTER 80 ? "1"
.PEN_DOWN
275 446
275 446
275 446
275 446
274 446
274 445
271 447
271 447
271 447
273 445
273 443
273 440
274 431
274 425
274 419
274 412
274 405
274 395
274 385
276 374
278 356
280 347
282 339
282 330
287 312
287 304
287 296
287 287
285 273
285 266
285 261
285 258
285 254
285 250
286 249
286 248
286 248
286 248
286 248
286 249
285 249
.PEN_UP
.SEGMENT CHARACTER 81 ? "2"
.PEN_DOWN
234 410
234 409
234 409
234 409
234 409
234 411
232 411
234 411
237 414
240 417
243 419
246 421
250 423
255 426
259 429
263 432
269 436
273 436
276 436
278 435
283 433
287 432
292 431
298 429
303 427
309 424
315 420
320 416
325 411
332 402
336 396
339 390
342 384
345 372
345 367
345 361
345 355
345 344
345 337
345 330
343 323
341 315
338 307
334 299
329 291
324 285
317 279
313 274
309 270
302 267
299 265
293 265
285 265
278 265
271 265
263 268
257 270
250 273
240 277
236 280
234 282
233 283
233 287
233 289
234 292
237 295
243 302
247 305
252 308
258 311
272 314
280 314
289 314
297 314
313 309
320 304
325 300
329 296
333 291
336 284
339 278
341 272
339 262
339 259
.PEN_UP
.SEGMENT CHARACTER 82 ? "3"
.PEN_DOWN
251 442
249 442
247 444
247 445
247 445
247 447
247 449
250 451
254 457
259 459
262 463
269 466
283 473
290 477
299 479
308 481
315 481
330 476
335 472
340 467
344 461
344 455
346 448
346 440
343 434
343 427
339 421
335 415
330 408
316 398
309 393
302 389
295 386
288 381
282 379
276 377
271 375
268 375
268 377
268 379
268 382
269 384
272 387
273 388
278 388
283 390
287 390
294 390
299 390
308 390
313 390
320 388
328 387
335 384
346 380
354 375
361 369
372 355
376 348
379 341
381 335
383 325
383 321
383 317
381 313
377 303
373 299
369 295
364 290
353 284
347 281
340 279
333 278
325 277
317 278
309 279
297 281
292 283
289 286
287 289
.PEN_UP
.SEGMENT CHARACTER 83-84 ? "4"
.PEN_DOWN
246 434
246 435
246 435
247 437
249 437
249 439
250 439
250 439
250 437
250 436
250 432
250 428
250 422
247 415
245 406
244 398
238 384
238 378
236 373
236 367
235 362
235 358
235 353
235 351
237 348
239 348
242 347
245 347
250 348
264 352
273 354
282 357
289 360
306 365
312 368
318 370
325 371
329 373
334 373
337 373
337 373
337 370
337 369
337 368
337 367
.PEN_UP
.PEN_DOWN
328 457
327 457
327 457
329 455
331 447
332 440
332 432
334 422
334 411
337 395
337 379
339 362
339 332
339 319
339 307
341 297
341 285
345 274
345 265
345 255
348 243
348 239
348 237
347 236
.PEN_UP
.SEGMENT CHARACTER 85 ? "5"
.PEN_DOWN
356 456
356 456
356 457
356 457
358 457
358 457
356 456
356 456
354 453
354 453
354 451
353 451
353 450
348 448
344 446
337 444
321 439
313 436
304 433
296 431
280 426
273 425
267 424
262 423
259 423
256 423
254 421
254 421
254 421
254 422
254 422
254 422
254 421
254 421
257 419
258 416
259 411
259 408
259 404
259 401
256 392
256 388
254 384
252 379
252 374
249 369
248 363
250 359
250 357
251 356
253 355
255 356
257 356
259 358
263 360
265 362
267 364
271 366
273 368
275 368
278 369
284 371
287 371
291 371
295 371
303 370
307 369
311 367
317 364
329 358
335 354
340 350
344 346
352 336
356 331
357 325
360 320
361 313
360 306
360 299
359 292
355 281
352 276
349 272
345 268
336 263
330 261
325 259
319 259
314 259
307 261
299 265
291 268
278 273
273 274
268 274
264 277
.PEN_UP
.SEGMENT CHARACTER 86 ? "6"
.PEN_DOWN
279 460
279 460
279 460
279 460
279 460
279 460
279 460
279 460
279 457
281 457
281 455
280 453
280 451
281 447
281 444
283 442
283 438
282 429
281 423
279 417
277 410
274 403
270 392
268 380
264 367
260 344
258 334
258 325
258 316
258 308
262 300
265 291
270 285
275 279
282 273
290 269
296 264
314 260
322 260
331 262
340 267
347 271
355 280
361 287
365 295
369 303
367 309
367 314
365 320
360 324
356 325
349 327
341 327
330 321
326 317
321 312
318 306
314 300
312 291
308 282
307 273
307 259
307 254
307 250
.PEN_UP
.SEGMENT CHARACTER 87 ? "7"
.PEN_DOWN
252 471
250 471
250 469
251 468
256 468
259 468
263 468
269 468
274 469
284 471
293 473
302 473
313 473
323 474
334 474
344 475
361 478
367 478
372 479
375 479
379 479
379 479
382 479
382 479
382 479
383 479
383 479
383 479
383 479
383 478
383 477
383 475
383 473
383 468
381 464
381 459
381 453
379 445
375 425
372 415
369 403
366 390
358 363
354 350
350 337
346 326
342 314
338 303
334 293
332 284
332 273
332 270
332 268
335 267
335 266
.PEN_UP
.SEGMENT CHARACTER 88 ? "8"
.PEN_DOWN
329 469
331 471
331 474
331 475
333 478
331 479
331 480
327 480
323 482
320 482
317 480
314 479
309 477
303 473
297 468
290 462
279 449
274 442
270 437
268 430
266 418
266 414
268 409
272 406
281 398
286 394
293 389
300 384
308 379
316 372
322 365
328 358
334 342
336 335
336 328
334 321
334 314
330 306
326 299
324 293
318 286
316 284
313 283
311 283
309 283
306 285
302 289
298 294
294 300
291 308
290 318
290 328
294 347
299 357
303 366
309 377
314 388
322 401
331 415
340 428
352 449
356 457
359 463
362 469
362 478
.PEN_UP
.SEGMENT CHARACTER 89 ? "9"
.PEN_DOWN
391 461
391 461
391 461
391 461
391 461
391 461
391 459
391 459
392 461
395 461
396 464
399 468
403 471
406 478
408 483
411 486
414 493
414 496
414 498
414 499
414 500
413 501
409 501
406 503
403 504
400 504
398 506
393 506
388 506
386 504
379 502
376 500
373 497
368 495
363 490
357 486
352 482
341 472
338 467
333 462
330 457
326 451
323 443
320 436
316 428
314 416
314 411
315 407
317 405
318 403
327 400
331 400
336 399
343 399
349 399
358 399
367 402
374 404
386 409
390 411
393 414
397 418
399 421
402 425
403 429
405 433
407 436
407 440
407 442
407 444
405 448
405 448
404 449
404 449
404 448
404 448
402 446
399 442
398 439
397 434
397 429
394 413
394 404
392 393
389 381
384 355
381 341
379 327
377 316
374 297
374 289
372 282
372 276
372 264
372 260
372 255
372 252
372 249
372 249
.PEN_UP
.SEGMENT CHARACTER 90 ? "."
.PEN_DOWN
330 193
324 191
323 191
323 192
323 196
325 198
327 199
329 199
.PEN_UP
.SEGMENT CHARACTER 91 ? ","
.PEN_DOWN
222 371
222 371
221 371
221 371
221 371
221 371
223 371
225 371
225 373
227 373
228 373
228 375
228 375
228 375
228 374
228 374
228 374
228 374
228 374
226 374
226 374
226 374
226 374
226 374
226 374
226 374
226 374
226 374
226 374
226 374
226 374
226 374
226 374
226 374
226 371
226 368
226 364
226 361
228 358
228 354
230 352
230 350
231 345
233 342
235 337
237 332
241 323
243 318
243 314
244 309
244 303
245 297
245 290
245 284
240 274
237 270
235 265
232 262
226 257
223 255
220 254
218 253
213 252
212 252
210 252
208 252
204 250
202 250
202 250
.PEN_UP
.SEGMENT CHARACTER 92 ? "/"
.PEN_DOWN
285 629
285 629
285 631
285 633
288 635
288 636
288 637
288 637
288 638
288 638
288 638
288 640
287 640
287 640
287 640
288 640
288 640
286 637
286 634
284 629
283 623
281 614
275 603
270 588
265 573
258 559
252 541
245 525
237 509
226 481
221 470
218 458
215 448
211 440
211 431
209 425
209 419
207 410
207 408
206 406
206 405
206 403
204 396
203 392
201 389
199 387
198 384
195 381
194 379
192 377
190 376
190 375
190 375
190 375
190 375
192 375
192 375
192 374
190 374
.PEN_UP
.SEGMENT CHARACTER 93 ? "-"
.PEN_DOWN
188 510
188 510
190 510
190 510
192 510
195 511
199 513
204 513
215 515
220 515
226 515
232 515
238 515
245 514
249 514
253 514
259 512
262 512
264 512
266 512
267 512
268 512
268 512
268 512
271 512
270 512
270 512
270 512
270 512
270 512
270 512
268 510
268 509
.PEN_UP
.SEGMENT CHARACTER 94-95 ? ";"
.PEN_DOWN
224 451
220 451
220 452
220 454
220 456
221 456
221 456
221 456
221 456
.PEN_UP
.PEN_DOWN
215 371
213 371
212 371
212 371
212 369
212 369
212 368
212 368
212 365
213 364
213 362
213 361
213 358
213 352
213 346
213 342
215 337
217 324
217 317
215 309
213 302
211 296
208 282
206 277
204 270
202 265
196 257
192 254
188 252
183 252
179 250
173 250
167 250
164 250
.PEN_UP
.SEGMENT CHARACTER 96-97 ? ":"
.PEN_DOWN
217 485
213 482
208 480
207 479
203 476
203 475
203 473
203 472
203 471
206 469
.PEN_UP
.PEN_DOWN
227 383
222 380
218 379
218 379
218 379
218 379
220 381
220 382
221 382
.PEN_UP
.SEGMENT CHARACTER 98-99 ? "A"
.PEN_DOWN
180 397
180 395
180 395
179 395
179 394
179 394
179 394
179 394
181 397
182 399
184 403
186 410
188 416
193 427
196 440
199 453
207 479
211 491
216 504
220 517
223 530
228 545
231 559
236 573
242 585
246 598
253 610
260 621
269 635
273 638
275 640
277 640
278 640
278 640
278 637
278 635
277 627
277 623
279 618
280 612
282 605
284 594
287 583
292 570
294 557
297 541
300 524
300 506
302 489
302 473
302 460
302 448
302 434
303 428
303 424
303 419
303 407
303 402
303 397
303 394
303 390
303 390
305 391
305 393
.PEN_UP
.PEN_DOWN
220 469
216 469
214 469
213 470
214 470
217 472
221 473
228 473
241 477
250 479
259 482
268 484
277 486
286 486
292 488
296 488
299 486
300 485
300 485
300 485
.PEN_UP
.SEGMENT CHARACTER 100 ? "B"
.PEN_DOWN
194 579
194 579
194 579
194 579
194 579
196 579
196 576
199 572
200 566
200 558
202 549
202 541
202 527
204 521
204 514
204 506
205 498
207 487
207 476
208 466
208 444
210 434
210 425
210 417
210 411
208 406
208 402
208 401
208 401
210 400
210 400
210 400
210 402
210 404
210 408
208 414
206 419
206 427
204 438
204 447
206 467
206 477
206 487
208 498
208 508
210 519
212 529
212 538
212 546
213 554
215 557
216 561
216 563
222 570
225 573
229 576
234 579
245 583
253 586
259 587
266 588
283 588
290 587
297 585
307 579
309 577
311 572
311 568
310 556
308 548
304 542
299 534
294 525
287 519
279 513
268 507
265 506
264 506
264 506
263 509
263 511
264 512
266 514
271 517
273 518
278 518
283 520
295 520
301 520
307 519
313 518
326 513
332 509
338 504
343 498
346 491
350 482
350 473
350 464
348 454
345 449
341 442
337 437
333 432
323 425
317 423
310 420
303 418
287 416
280 416
273 416
267 417
258 421
254 422
250 424
247 425
.PEN_UP
.SEGMENT CHARACTER 101 ? "C"
.PEN_DOWN
294 589
294 589
294 589
296 589
296 589
297 588
299 586
299 585
299 583
299 578
299 574
299 568
299 555
299 548
299 543
299 539
301 536
302 533
302 531
304 530
304 530
304 530
306 530
308 533
308 543
310 549
310 555
310 561
310 567
308 575
306 582
304 587
301 594
299 595
296 597
295 597
293 597
289 597
286 596
284 595
279 595
276 591
273 589
269 587
263 583
259 580
254 576
249 571
242 561
239 557
236 552
232 547
226 535
222 527
219 519
215 511
208 495
206 487
203 479
201 471
198 456
198 450
198 443
197 431
197 425
197 418
197 413
197 400
199 395
200 391
203 387
211 382
215 378
220 377
226 377
237 374
244 374
249 374
254 373
264 373
269 372
273 372
277 372
281 372
286 372
290 372
293 373
297 375
300 376
.PEN_UP
.SEGMENT CHARACTER 102 ? "D"
.PEN_DOWN
238 575
239 573
239 571
239 569
238 560
238 555
236 547
236 539
234 531
233 512
233 502
232 492
232 482
232 473
232 462
232 452
234 442
234 435
236 431
238 426
238 423
238 418
237 417
237 416
237 416
237 415
239 415
239 415
237 415
237 416
237 418
237 421
239 424
240 428
240 433
243 438
243 444
243 453
243 459
243 463
242 469
242 476
239 482
238 491
235 500
231 508
231 517
229 523
229 530
230 535
230 540
232 546
234 552
237 558
241 565
244 571
250 576
253 582
258 589
261 591
264 592
269 592
273 593
278 593
284 592
290 591
301 587
306 585
311 583
316 581
326 576
330 572
336 568
347 560
352 555
358 551
363 547
372 537
376 532
379 526
382 521
387 510
387 504
389 498
389 491
388 480
386 474
383 470
382 465
377 457
374 452
371 447
367 442
363 437
358 432
351 428
344 423
329 420
323 418
316 418
309 417
295 417
289 417
283 417
278 417
274 417
270 417
268 417
267 417
264 416
264 416
.PEN_UP
.SEGMENT CHARACTER 103-105 ? "E"
.PEN_DOWN
194 565
194 567
194 568
196 570
198 572
199 574
201 575
201 575
204 575
204 575
206 572
209 569
209 564
209 558
212 550
212 543
212 531
212 520
210 508
208 493
206 478
203 463
200 450
196 430
196 425
196 421
196 419
199 417
205 416
212 414
222 413
240 414
250 415
259 416
269 416
288 420
296 422
305 424
312 425
317 426
324 426
326 429
326 430
328 430
328 430
326 430
.PEN_UP
.PEN_DOWN
230 497
228 497
228 497
230 499
232 502
238 505
244 508
250 510
256 511
264 513
272 515
280 519
288 521
295 523
300 525
304 525
.PEN_UP
.PEN_DOWN
235 569
234 569
236 573
239 575
244 579
252 583
258 586
267 590
278 593
289 596
302 600
314 604
332 610
337 611
341 611
344 611
.PEN_UP
.SEGMENT CHARACTER 106-107 ? "F"
.PEN_DOWN
236 589
236 588
235 586
235 583
231 577
231 573
231 569
231 565
233 554
233 548
235 540
235 532
233 513
232 502
232 492
229 483
228 473
226 463
226 454
225 445
225 436
225 434
227 433
228 433
228 432
233 432
233 434
233 437
235 440
235 444
235 450
237 457
239 465
242 482
242 491
242 501
242 511
244 521
246 531
248 540
248 550
246 562
246 566
244 569
244 572
242 576
242 579
242 583
242 586
246 592
247 594
247 596
251 598
255 600
260 600
265 602
269 603
283 608
290 610
298 613
308 616
324 621
332 624
338 626
344 629
354 631
358 633
361 635
363 635
363 636
363 636
364 635
364 635
362 633
362 631
.PEN_UP
.PEN_DOWN
253 522
252 522
253 522
256 522
265 522
270 522
275 523
281 523
288 524
298 527
306 529
315 532
324 534
331 537
338 539
343 539
349 542
.PEN_UP
.SEGMENT CHARACTER 108 ? "G"
.PEN_DOWN
326 601
326 601
326 601
328 601
328 601
329 601
329 601
329 604
329 605
329 609
329 611
329 612
329 613
326 614
326 614
323 615
320 615
318 613
314 613
311 612
308 610
304 609
300 606
294 603
289 599
278 592
272 588
268 583
264 579
260 575
258 569
256 566
253 560
248 550
245 545
242 539
240 534
237 527
234 518
230 509
226 498
225 486
223 477
220 465
220 454
217 445
217 430
217 425
219 420
222 416
223 412
228 408
232 404
237 402
249 396
254 395
260 394
268 394
284 396
292 398
300 401
308 404
323 409
331 412
337 414
343 417
352 423
356 424
359 427
362 430
366 435
366 439
366 442
368 445
366 452
365 455
362 458
358 460
353 462
348 463
343 464
336 466
332 468
328 469
324 470
316 473
313 473
309 473
306 473
301 471
299 469
296 466
295 466
293 466
293 466
295 466
297 466
305 466
310 466
315 468
322 470
329 472
337 474
346 475
353 477
362 478
364 478
364 478
364 478
364 480
.PEN_UP
.SEGMENT CHARACTER 109-111 ? "H"
.PEN_DOWN
245 606
245 606
245 606
245 606
246 605
246 605
248 604
250 601
254 592
254 584
256 576
256 567
254 555
252 542
249 528
247 514
243 489
242 479
242 470
242 463
246 451
247 446
247 442
249 439
251 434
252 432
252 432
252 431
254 430
254 430
252 430
252 430
.PEN_UP
.PEN_DOWN
352 635
352 632
352 627
352 621
352 608
353 599
353 590
353 581
353 571
353 558
353 546
352 534
349 513
349 502
349 492
347 483
345 464
345 455
344 446
344 439
342 434
341 430
341 427
342 425
344 424
344 424
344 424
346 424
346 424
346 424
348 424
348 426
.PEN_UP
.PEN_DOWN
261 493
261 495
261 497
263 499
271 502
275 504
280 506
287 507
301 511
310 513
318 514
325 516
332 516
338 516
343 517
347 517
349 517
.PEN_UP
.SEGMENT CHARACTER 112-114 ? "I"
.PEN_DOWN
220 626
218 626
218 625
215 625
215 623
214 623
214 621
214 620
217 618
221 616
227 614
232 614
242 614
247 617
252 617
258 619
264 620
271 620
277 622
284 622
291 622
300 624
309 624
319 624
331 627
340 627
352 627
362 628
378 628
384 628
389 628
394 629
401 630
404 630
406 630
407 630
409 630
409 630
409 631
409 631
409 631
406 630
.PEN_UP
.PEN_DOWN
310 610
310 610
310 608
310 607
308 599
308 596
306 590
306 585
306 580
306 570
308 562
308 553
308 541
307 530
303 517
300 504
294 481
293 471
291 462
289 453
289 439
289 433
289 427
291 423
293 414
295 411
295 408
295 406
296 404
296 402
296 401
296 399
296 397
296 396
296 396
296 396
295 398
.PEN_UP
.PEN_DOWN
215 400
215 399
215 399
217 399
225 399
231 400
238 402
245 403
253 404
265 405
277 406
290 409
308 415
316 417
322 417
326 417
334 417
337 416
341 416
344 415
347 415
351 413
355 412
358 412
363 411
363 411
365 411
365 411
367 412
.PEN_UP
.SEGMENT CHARACTER 115 ? "J"
.PEN_DOWN
319 642
319 642
317 642
317 641
317 640
317 637
317 634
316 630
316 625
317 619
319 612
319 605
319 598
319 591
319 585
321 577
325 567
327 562
329 558
331 554
334 545
336 540
338 533
341 527
344 520
348 506
351 500
353 494
354 488
358 476
360 470
360 465
362 462
362 459
362 454
362 449
362 444
359 435
356 430
356 425
356 421
354 416
356 411
354 408
352 405
349 400
348 398
346 396
344 395
341 395
336 393
330 393
322 393
306 395
298 397
290 397
283 399
271 402
265 404
261 406
256 409
250 414
247 416
244 417
244 419
239 421
239 421
238 421
238 421
238 421
.PEN_UP
.SEGMENT CHARACTER 116-117 ? "K"
.PEN_DOWN
265 610
265 610
265 610
265 611
265 611
267 611
267 611
268 610
271 603
272 597
272 591
274 575
274 570
274 565
276 558
276 549
278 538
278 527
278 515
278 494
277 484
277 476
277 466
277 451
277 444
277 439
277 437
277 434
279 433
279 433
281 431
279 431
279 430
279 430
279 430
279 428
279 428
279 427
279 427
279 428
277 430
277 433
.PEN_UP
.PEN_DOWN
355 609
352 609
352 609
349 609
349 608
346 606
344 605
342 602
342 601
341 600
341 599
340 594
340 591
338 587
335 583
331 573
327 568
325 562
321 555
317 549
313 542
310 535
307 530
304 523
304 521
304 519
304 518
304 517
304 516
304 516
304 514
304 513
305 513
305 511
305 511
305 509
307 508
309 508
309 507
313 505
316 504
319 501
326 498
337 493
344 490
349 485
355 482
361 477
365 473
371 468
375 464
381 455
383 451
385 448
387 446
390 442
392 441
392 440
394 438
396 435
396 433
395 432
395 430
.PEN_UP
.SEGMENT CHARACTER 118 ? "L"
.PEN_DOWN
273 602
271 603
271 604
271 604
271 604
271 606
269 606
269 606
272 606
274 606
275 604
277 603
278 600
278 595
279 589
281 582
281 576
279 570
279 561
279 555
279 547
281 532
281 525
282 520
282 514
281 501
281 495
279 488
277 481
272 468
269 461
267 455
265 450
262 442
261 440
260 439
260 437
264 437
266 437
269 437
272 437
280 437
285 437
291 437
298 436
311 436
319 436
327 436
334 439
349 441
355 443
362 444
367 444
371 444
373 445
374 444
374 444
376 442
378 439
378 438
376 436
376 436
.PEN_UP
.SEGMENT CHARACTER 119 ? "M"
.PEN_DOWN
226 447
226 447
226 447
226 447
226 447
226 449
226 452
228 455
229 463
230 468
230 472
233 479
233 492
235 500
235 508
236 516
240 535
240 544
241 553
243 564
244 583
247 592
247 600
250 607
252 613
252 617
254 621
254 623
254 625
254 625
254 627
253 628
253 628
253 628
253 627
253 627
254 627
254 625
256 624
256 621
259 614
259 609
261 603
262 597
262 590
266 579
268 571
269 561
269 552
273 540
276 535
278 531
280 527
285 522
287 520
288 518
290 518
293 517
295 518
298 519
299 522
302 525
307 531
312 540
316 547
325 564
328 571
331 579
335 588
338 598
342 609
345 619
351 634
353 639
353 644
355 648
358 653
358 654
360 655
360 656
360 656
362 656
362 656
364 655
366 654
367 651
370 649
372 645
377 636
378 629
380 623
382 615
384 597
387 586
388 575
390 563
393 537
393 525
393 514
394 503
394 486
395 479
395 472
397 467
397 462
400 458
402 455
403 452
407 449
410 446
411 445
411 445
411 443
414 443
.PEN_UP
.SEGMENT CHARACTER 120 ? "N"
.PEN_DOWN
238 448
238 450
240 450
240 452
245 456
246 458
248 462
248 466
252 476
254 481
255 486
257 492
262 505
264 513
265 522
267 530
271 548
273 557
274 566
277 575
278 583
280 592
281 600
281 607
281 614
281 615
281 616
283 616
283 618
283 618
283 618
283 618
283 619
283 619
284 616
285 612
285 608
289 602
292 596
294 590
298 574
302 567
305 557
308 549
312 533
314 525
317 517
319 511
322 503
328 487
331 479
334 472
338 466
344 454
346 449
347 446
349 443
352 441
352 441
354 441
356 442
359 447
361 451
361 455
364 460
369 471
370 477
372 484
375 492
380 511
383 523
386 535
389 547
394 572
394 584
397 595
397 604
399 616
399 621
399 625
399 628
401 631
401 635
401 638
404 641
406 648
408 649
408 650
408 651
.PEN_UP
.SEGMENT CHARACTER 121 ? "O"
.PEN_DOWN
327 604
329 605
329 605
329 606
329 606
329 606
329 606
329 607
329 607
329 606
329 606
329 606
329 605
328 605
326 603
325 601
322 598
322 597
319 595
318 592
313 587
310 583
307 580
305 576
298 567
295 562
292 556
290 550
288 544
285 536
281 527
278 520
274 503
274 497
274 490
277 484
281 478
285 472
291 466
299 462
314 460
323 460
331 460
340 462
359 468
367 472
376 476
385 482
403 495
411 502
420 509
427 517
439 533
444 541
447 550
450 559
452 578
451 587
449 597
446 607
443 616
438 626
431 636
424 644
407 656
398 657
390 657
382 657
374 653
367 651
360 649
351 641
348 638
.PEN_UP
.SEGMENT CHARACTER 122 ? "P"
.PEN_DOWN
300 620
300 620
300 621
300 621
300 621
300 621
300 621
300 621
300 621
300 616
300 612
299 604
299 594
299 584
299 573
299 562
300 551
301 540
303 529
304 518
309 501
310 495
310 488
312 481
312 468
312 464
309 460
309 457
308 454
308 454
308 452
308 451
308 450
308 450
306 450
306 451
306 454
306 460
307 468
308 477
308 488
312 497
314 509
316 520
319 540
321 549
322 559
324 568
324 577
328 587
328 596
330 604
334 618
336 624
338 629
340 635
343 645
346 649
348 653
355 658
357 660
360 661
363 661
369 661
373 660
377 658
382 655
394 649
400 645
406 641
412 636
423 627
427 622
429 618
430 614
429 606
429 601
425 595
422 588
418 581
411 574
404 568
397 563
382 555
376 553
369 552
363 552
354 554
350 554
347 556
344 557
340 557
337 558
333 558
.PEN_UP
