.VERSION 1.0
.DATA_SOURCE philips
.DATA_ID August-93-sample

.DATA_CONTACT   Name:           Philippe Gentric
                Affiliation:    Laboratoire d'Electronique Philips (LEP)
                Address:        22, avenue Descartes
                                94451 Limeil-Brevannes
                                FRANCE
                Phone:          33 (1) 45 10 68 63
                Fax:            33 (1) 45 10 68 72
                Email:          gentric@lep.lep-philips.fr

.SETUP          Site:           LEP
                Time:           September 92
                Conditions:     Writers were sitted
                Writers:        Staff, paid with chocolate chips (no joke !)
                Form:           One box, only one word at a time:
                                "Please write the word xxxx"
                Acquisition
                software:       "wordaki", LEP made Pen-Windows application
                                running under Windows 3.1 beta releases

.DATA_INFO	Alphabet:	Latin, upper and lower case
		Lexicon:	100 first words of the 1000 "most common" english words
		Quantity:	100 words
		Quality:	NOT checked, this is raw data (Requested)
		Style:		"discrete characters" (one pen up after each character)
				Segmentation:	NONE
.PAD            Type:           Philips Advanced Interactive Display (PAID)
                                prototype type "notebook"
                Display:        640x480 (VGA) 16 gray levels
                Sensor:         Philips confidential
                Driver:         MS-mouse-like from PAID team

.COMMENT        the following figures are approximatives

.X_DIM              15000
.Y_DIM              3000
.H_LINE             0
.POINTS_PER_SECOND  200
.X_POINTS_PER_MM 100
.Y_POINTS_PER_MM 100

.WRITER_INFO	Name:	P. Friedel
		Nationality: French
.HAND		R


.COMMENT	Segments are words
                the user was requested to follow the instructions regarding upper-case
                and lower-case dependancies: for example "The" means upper-case "t" then
                lower-case "h" and "e" etc... but this was not always respected.

.COMMENT	Note of the translator version 0.0 to 0.5: the segment delineations
		did not respect the convention of numbering of strokes; they were
		replaced by ?

.HIERARCHY WORD   
.COORD X Y

.SEGMENT WORD 0:0-3:18 OK "The"
.PEN_DOWN
2098 -349
2096 -350
2098 -349
2098 -349
2096 -354
2094 -373
2093 -408
2088 -463
2083 -526
2075 -592
2070 -652
2066 -698
2063 -729
2065 -752
.PEN_DOWN
1840 -412
1845 -385
1846 -366
1848 -350
1858 -341
1886 -333
1944 -331
2032 -335
2119 -337
2189 -339
2235 -339
2266 -339
.PEN_DOWN
2427 -501
2424 -501
2422 -505
2420 -509
2438 -507
2466 -495
2495 -471
2516 -426
2524 -373
2516 -335
2505 -318
2481 -326
2462 -370
2442 -439
2425 -520
2414 -595
2409 -659
2405 -698
2400 -726
2405 -728
2422 -702
2445 -666
2466 -638
2486 -625
2496 -629
2506 -651
2514 -678
2526 -705
2548 -721
2582 -723
2619 -713
.PEN_DOWN
2877 -624
2873 -626
2872 -630
2868 -631
2877 -634
2896 -633
2920 -623
2941 -604
2954 -581
2951 -562
2933 -553
2905 -561
2877 -589
2857 -629
2852 -674
2867 -709
2900 -733
2948 -738
3001 -731
.SEGMENT WORD 4:0-6:5 OK "OF"
.PEN_DOWN
2607 -416
2602 -412
2600 -409
2600 -408
2595 -396
2586 -380
2562 -368
2513 -366
2448 -387
2382 -444
2331 -526
2309 -614
2329 -697
2376 -758
2440 -789
2508 -781
2576 -732
2627 -647
2643 -556
2625 -491
2572 -443
2511 -413
2465 -393
.PEN_DOWN
2824 -361
2824 -361
2820 -372
2814 -411
2814 -488
2819 -576
2832 -657
2837 -716
2843 -748
2852 -748
2860 -703
2865 -620
2858 -536
2845 -471
2834 -428
2824 -399
2827 -378
2855 -366
2915 -359
2987 -355
3050 -350
3101 -346
3134 -344
.PEN_DOWN
2734 -588
2749 -588
2800 -584
2840 -582
2906 -576
2974 -571
.SEGMENT WORD 7:0-10:27 OK "And"
.PEN_DOWN
2318 -249
2318 -246
2321 -242
2321 -246
2308 -278
2286 -354
2248 -466
2199 -589
2159 -700
2131 -780
2114 -827
2116 -836
2139 -794
2179 -695
2223 -562
2261 -450
2288 -370
2313 -311
2328 -279
2342 -271
2359 -300
2372 -366
2394 -457
2422 -553
2448 -644
2471 -719
2490 -779
2496 -816
2505 -836
2505 -835
.PEN_DOWN
2146 -613
2151 -615
2182 -614
2242 -616
2306 -618
2362 -619
2404 -620
.PEN_DOWN
2787 -773
2786 -767
2786 -764
2787 -763
2791 -760
2799 -748
2815 -726
2847 -690
2877 -661
2898 -643
2915 -644
2924 -670
2933 -728
2938 -759
2939 -805
2939 -822
2939 -826
2949 -802
2979 -734
3012 -677
3035 -635
3057 -615
3068 -619
3077 -651
3085 -698
3100 -759
3118 -799
3139 -817
3172 -821
.PEN_DOWN
3568 -713
3568 -716
3569 -717
3579 -716
3586 -708
3584 -688
3579 -665
3553 -646
3503 -645
3447 -665
3399 -706
3381 -745
3387 -781
3412 -800
3454 -796
3500 -765
3546 -698
3579 -609
3597 -532
3612 -480
3617 -452
3617 -453
3601 -495
3587 -567
3586 -646
3599 -713
3625 -757
3670 -773
.SEGMENT WORD 11:0-14:16 OK "to"
.PEN_DOWN
2238 -790
2233 -794
2227 -801
2225 -810
2245 -802
2281 -773
2328 -714
2371 -635
2405 -572
2427 -530
2435 -515
2427 -546
2402 -615
2384 -693
2387 -767
2420 -819
2475 -838
2533 -836
.PEN_DOWN
2260 -676
2306 -662
2381 -652
2481 -640
2539 -635
2569 -633
2595 -634
.PEN_DOWN
2934 -686
2934 -686
.PEN_DOWN
2920 -706
2920 -708
2920 -706
2921 -695
2916 -681
2895 -674
2858 -683
2814 -721
2777 -765
2769 -814
2792 -855
2838 -874
2886 -864
2921 -837
2931 -785
2921 -739
2900 -711
.SEGMENT WORD 15:0-16:26 OK "In"
.PEN_DOWN
2323 -717
2319 -714
2313 -716
2313 -718
2323 -721
2356 -712
2394 -687
2428 -645
2453 -590
2460 -536
2453 -499
2432 -490
2395 -519
2354 -587
2323 -666
2309 -742
2314 -802
2333 -840
2371 -856
2420 -846
2470 -825
.PEN_DOWN
2620 -910
2615 -895
2612 -888
2612 -884
2615 -877
2627 -856
2648 -820
2672 -775
2698 -740
2716 -719
2728 -726
2729 -757
2729 -800
2726 -835
2726 -860
2731 -871
2741 -857
2764 -815
2794 -770
2820 -739
2834 -728
2838 -743
2838 -783
2848 -819
2873 -846
2915 -860
2959 -848
.SEGMENT WORD 17:0-22:4 OK "That"
.PEN_DOWN
2338 -370
2339 -367
2338 -367
2339 -370
2339 -397
2334 -459
2331 -571
2333 -666
2338 -748
2341 -804
2341 -831
2334 -848
.PEN_DOWN
1979 -331
1982 -328
2010 -330
2091 -339
2227 -345
2382 -345
2528 -341
2637 -337
2708 -333
2753 -329
.PEN_DOWN
2754 -604
2757 -608
2769 -610
2791 -604
2829 -582
2870 -535
2905 -471
2915 -412
2905 -372
2878 -365
2845 -401
2814 -474
2792 -567
2779 -662
2774 -748
2767 -805
2764 -838
2771 -848
2791 -817
2822 -768
2850 -728
2867 -706
2877 -714
2886 -742
2903 -778
2931 -807
2967 -820
3010 -810
3055 -790
.PEN_DOWN
3462 -802
3457 -780
3455 -763
3457 -743
3458 -712
3445 -682
3414 -662
3368 -664
3315 -692
3277 -736
3260 -784
3267 -825
3291 -850
3326 -852
3361 -829
3391 -788
3415 -748
3427 -723
3432 -711
3432 -724
3427 -758
3425 -793
3435 -825
3462 -843
3500 -838
3539 -824
.PEN_DOWN
3723 -837
3721 -838
3723 -838
3740 -827
3771 -807
3807 -765
3845 -701
3873 -630
3895 -573
3907 -543
3910 -540
3897 -574
3873 -631
3864 -696
3867 -748
3888 -781
3921 -795
3968 -785
.PEN_DOWN
3849 -664
3869 -659
3913 -647
3968 -636
4011 -628
.SEGMENT WORD 23:0-24:19 OK "Is"
.PEN_DOWN
2361 -174
2361 -175
2359 -187
2361 -209
2362 -246
2362 -306
2356 -399
2351 -507
2349 -613
2351 -705
2352 -776
2356 -825
2356 -848
.PEN_DOWN
2640 -842
2635 -846
2637 -846
2650 -837
2680 -807
2718 -753
2756 -682
2782 -626
2799 -592
2812 -583
2832 -597
2852 -631
2862 -678
2855 -727
2832 -769
2797 -794
2761 -801
2729 -793
2711 -770
2706 -752
.SEGMENT WORD 25:0-27:17 OK "Was"
.PEN_DOWN
1974 -278
1972 -274
1969 -268
1969 -268
1979 -295
1999 -351
2023 -439
2047 -516
2080 -615
2118 -697
2142 -753
2162 -785
2176 -784
2205 -727
2225 -669
2257 -581
2283 -514
2298 -491
2311 -504
2331 -564
2346 -630
2369 -696
2394 -749
2410 -785
2424 -799
2447 -785
2485 -721
2533 -609
2577 -479
2622 -370
2658 -288
2683 -236
2705 -210
.PEN_DOWN
2966 -683
2977 -677
2982 -662
2986 -635
2981 -605
2964 -583
2928 -576
2868 -595
2817 -641
2786 -696
2782 -745
2802 -776
2835 -789
2877 -776
2915 -740
2943 -697
2958 -669
2966 -654
2962 -665
2956 -698
2956 -740
2971 -780
2994 -807
3032 -815
3077 -802
.PEN_DOWN
3255 -809
3262 -815
3275 -814
3296 -796
3331 -759
3371 -707
3401 -660
3420 -625
3432 -610
3439 -618
3445 -647
3452 -685
3447 -726
3429 -758
3397 -778
3369 -784
3348 -781
3343 -771
.SEGMENT WORD 28:0-34:7 OK "HE"
.PEN_DOWN
2242 -244
2245 -246
2245 -244
2248 -252
2245 -293
2240 -365
2240 -459
2240 -566
2242 -664
2245 -745
2250 -806
2257 -846
2261 -855
.PEN_DOWN
2496 -251
2498 -248
2498 -254
2496 -279
2495 -342
2498 -458
2500 -559
2500 -656
2501 -743
2503 -809
2505 -848
2509 -860
.PEN_DOWN
2202 -589
2223 -593
2275 -597
2342 -603
2410 -604
.PEN_DOWN
2886 -275
2885 -278
2885 -278
2883 -302
2880 -355
2877 -439
2878 -538
2881 -634
2881 -714
2880 -769
2881 -806
2883 -814
.PEN_DOWN
2852 -264
2848 -268
2852 -268
2863 -266
2905 -266
2967 -261
3037 -257
3098 -252
3146 -248
3176 -248
.PEN_DOWN
2858 -488
2863 -489
2878 -494
2923 -496
2989 -497
3037 -499
3067 -496
.PEN_DOWN
2842 -835
2847 -832
2875 -829
2934 -833
3019 -833
3116 -836
3197 -835
3257 -838
.SEGMENT WORD 35:0-39:22 OK "FOR"
.PEN_DOWN
2012 -279
2010 -283
2009 -306
2007 -357
2009 -440
2005 -537
2005 -633
2007 -716
2009 -774
2009 -807
2005 -815
2004 -785
2002 -717
1997 -621
1985 -519
1972 -434
1969 -373
1967 -330
1977 -304
2012 -288
2083 -275
2177 -264
2263 -257
2328 -252
2366 -248
2390 -246
.PEN_DOWN
2015 -506
2035 -510
2081 -510
2142 -502
2200 -497
.PEN_DOWN
2799 -395
2799 -388
2802 -378
2800 -362
2792 -345
2774 -330
2738 -333
2683 -355
2622 -407
2569 -489
2539 -582
2544 -678
2571 -762
2622 -819
2691 -841
2762 -832
2825 -781
2868 -688
2878 -576
2852 -475
2796 -403
2728 -360
2667 -349
2615 -360
.PEN_DOWN
3057 -383
3057 -381
3057 -385
3058 -424
3057 -473
3055 -554
3058 -634
3062 -712
3065 -748
3065 -749
.PEN_DOWN
3027 -768
3017 -578
3017 -489
3025 -427
3067 -380
3111 -356
3189 -350
3235 -373
3252 -407
3242 -458
3191 -512
3133 -542
3090 -554
3067 -557
3070 -554
3091 -558
3133 -572
3187 -605
3235 -656
3290 -728
3325 -775
3343 -801
3361 -824
.SEGMENT WORD 40:0-42:6 OK "It"
.PEN_DOWN
2281 -300
2281 -304
2281 -314
2278 -345
2270 -407
2260 -502
2253 -615
2252 -724
2255 -812
2258 -877
2266 -913
2271 -929
.PEN_DOWN
2582 -898
2584 -904
2590 -910
2610 -908
2647 -886
2698 -840
2751 -765
2797 -676
2825 -604
2843 -564
2847 -567
2830 -610
2804 -687
2789 -770
2791 -838
2817 -891
2865 -913
2916 -897
.PEN_DOWN
2800 -708
2802 -711
2819 -713
2870 -713
2929 -708
2982 -707
3020 -703
.SEGMENT WORD 43:0-49:5 OK "WITH"
.PEN_DOWN
2094 -440
2088 -428
2080 -418
2080 -414
2088 -434
2096 -471
2124 -574
2144 -644
2174 -733
2205 -820
2215 -852
2225 -872
2247 -850
2288 -758
2316 -661
2339 -581
2356 -531
2364 -517
2372 -557
2382 -625
2392 -686
2415 -764
2438 -824
2465 -867
2483 -878
2501 -860
2544 -765
2572 -681
2617 -536
2645 -453
2665 -397
2673 -368
2678 -347
.PEN_DOWN
2903 -407
2903 -402
2903 -402
2898 -434
2893 -496
2890 -581
2888 -671
2883 -759
2877 -829
2873 -876
2873 -907
.PEN_DOWN
3235 -434
3235 -426
3235 -422
3237 -427
3239 -448
3237 -496
3235 -571
3229 -656
3219 -733
3217 -785
3214 -820
3212 -836
.PEN_DOWN
2999 -409
2994 -409
2996 -406
2997 -403
3030 -399
3103 -391
3199 -387
3287 -387
3356 -388
3404 -390
3434 -391
.PEN_DOWN
3571 -416
3571 -408
3574 -401
3574 -398
3573 -424
3571 -465
3573 -545
3569 -644
3571 -709
3566 -757
3564 -779
.PEN_DOWN
3746 -387
3748 -387
3745 -404
3741 -432
3740 -507
3740 -590
3736 -656
3733 -754
3731 -809
3731 -835
3730 -852
.PEN_DOWN
3511 -643
3520 -635
3541 -633
3594 -635
3649 -635
3700 -630
.SEGMENT WORD 50:0-52:17 OK "As"
.PEN_DOWN
2357 -236
2361 -236
2357 -240
2347 -277
2329 -350
2291 -458
2250 -578
2214 -686
2190 -767
2176 -817
2177 -832
2195 -796
2232 -698
2280 -561
2323 -429
2352 -337
2374 -279
2385 -253
2400 -259
2420 -305
2443 -378
2465 -470
2490 -567
2511 -662
2533 -745
2549 -811
2561 -852
2569 -874
2579 -873
.PEN_DOWN
2258 -614
2281 -623
2336 -631
2400 -634
2460 -633
2506 -631
.PEN_DOWN
2847 -860
2847 -864
2855 -861
2873 -841
2906 -802
2941 -744
2969 -683
2991 -641
3002 -620
3017 -625
3034 -652
3050 -696
3053 -743
3037 -785
3005 -811
2974 -820
2948 -811
2934 -795
.SEGMENT WORD 53:0-57:17 OK "HIS"
.PEN_DOWN
1995 -246
1995 -248
1992 -261
1987 -318
1992 -418
1994 -535
2002 -656
2004 -757
2005 -825
2010 -866
.PEN_DOWN
2275 -271
2270 -302
2263 -380
2263 -488
2270 -603
2275 -707
2283 -786
2290 -838
.PEN_DOWN
1936 -597
1959 -598
2030 -605
2124 -609
2215 -612
2285 -616
.PEN_DOWN
2652 -289
2652 -310
2655 -357
2657 -432
2658 -520
2660 -604
2662 -672
2667 -721
.PEN_DOWN
3039 -298
3042 -297
3039 -293
3017 -294
2982 -309
2948 -339
2929 -380
2929 -418
2956 -453
3009 -486
3067 -522
3116 -563
3139 -614
3129 -665
3086 -708
3027 -734
2964 -743
2920 -745
.SEGMENT WORD 58:0-59:23 OK "On"
.PEN_DOWN
2458 -282
2440 -273
2420 -268
2367 -275
2280 -323
2185 -406
2109 -521
2060 -647
2071 -789
2133 -869
2209 -903
2319 -908
2443 -855
2501 -788
2548 -631
2536 -537
2473 -403
2404 -334
2344 -311
2255 -339
.PEN_DOWN
2698 -855
2693 -857
2698 -853
2724 -831
2774 -789
2838 -729
2891 -687
2924 -674
2938 -707
2934 -765
2929 -826
2924 -864
2926 -889
2948 -881
2986 -832
3034 -768
3070 -718
3090 -696
3091 -718
3088 -770
3106 -830
3144 -878
3212 -900
3293 -894
.SEGMENT WORD 60:0-62:16 OK "Be"
.PEN_DOWN
2179 -267
2180 -261
2182 -261
2189 -283
2190 -339
2194 -429
2199 -538
2202 -650
2204 -742
2209 -815
2212 -856
2217 -863
.PEN_DOWN
2052 -319
2055 -302
2081 -277
2149 -249
2247 -228
2344 -230
2417 -253
2455 -293
2455 -339
2414 -381
2356 -413
2304 -438
2276 -450
2288 -459
2341 -464
2410 -479
2476 -509
2526 -561
2546 -625
2533 -695
2488 -754
2417 -795
2334 -821
2263 -829
2214 -815
.PEN_DOWN
2667 -754
2672 -760
2693 -769
2739 -769
2799 -759
2862 -721
2905 -671
2911 -631
2875 -613
2819 -635
2767 -692
2739 -763
2748 -832
2796 -881
2872 -899
2956 -891
3029 -868
.SEGMENT WORD 63:0-66:3 OK "At"
.PEN_DOWN
2533 -155
2528 -163
2506 -217
2463 -321
2390 -461
2306 -599
2245 -700
2207 -758
2194 -785
2204 -769
2232 -697
2276 -564
2329 -411
2377 -294
2419 -217
2460 -180
2505 -179
2548 -212
2579 -282
2602 -388
2630 -516
2657 -643
2680 -745
2693 -814
2705 -853
.PEN_DOWN
2268 -491
2288 -499
2344 -512
2442 -525
2548 -536
2620 -543
.PEN_DOWN
2890 -826
2891 -826
2916 -815
2958 -791
3012 -742
3070 -662
3126 -562
3174 -474
3204 -421
3212 -403
3204 -438
3187 -517
3176 -607
3181 -685
3201 -744
3240 -773
3291 -762
.PEN_DOWN
3146 -538
3176 -546
3237 -545
3310 -542
.SEGMENT WORD 67:0-68:33 OK "by"
.PEN_DOWN
2194 -603
2194 -605
2197 -613
2228 -620
2288 -608
2362 -571
2430 -505
2483 -414
2508 -333
2513 -280
2486 -282
2442 -344
2385 -470
2334 -612
2309 -742
2314 -833
2341 -882
2381 -883
2415 -840
2428 -770
2424 -713
2417 -678
2415 -662
2430 -664
2470 -655
2524 -643
2579 -629
.PEN_DOWN
2840 -816
2824 -815
2809 -815
2800 -817
2805 -822
2830 -811
2870 -786
2911 -737
2943 -692
2961 -657
2969 -650
2964 -675
2958 -722
2962 -764
2977 -796
3004 -800
3035 -775
3072 -728
3093 -685
3103 -664
3103 -670
3100 -706
3093 -769
3090 -850
3082 -935
3060 -1012
3029 -1069
2989 -1095
2958 -1094
2953 -1060
2979 -1013
3034 -970
3105 -930
3176 -898
.SEGMENT WORD 69:0-69:11 OK "I"
.PEN_DOWN
2460 -171
2458 -175
2455 -180
2455 -204
2450 -264
2442 -365
2433 -484
2428 -600
2427 -698
2428 -773
2427 -819
2433 -841
.SEGMENT WORD 70:0-75:15 OK "This"
.PEN_DOWN
2354 -273
2354 -284
2356 -320
2356 -386
2351 -497
2341 -620
2333 -731
2328 -819
2324 -877
2329 -908
.PEN_DOWN
2027 -290
2028 -293
2073 -290
2212 -292
2336 -285
2516 -275
2690 -264
2771 -262
2807 -259
.PEN_DOWN
2787 -669
2787 -677
2802 -681
2837 -675
2891 -650
2951 -593
2999 -499
3030 -406
3034 -335
3015 -313
2979 -350
2943 -438
2915 -556
2895 -674
2886 -769
2881 -833
2878 -866
2890 -857
2921 -801
2959 -739
2991 -702
3010 -692
3019 -722
3024 -773
3034 -829
3055 -869
3096 -887
3161 -868
.PEN_DOWN
3371 -909
3376 -909
3389 -905
3407 -897
3455 -855
3487 -817
3518 -771
3538 -743
3531 -750
3521 -788
3518 -819
3523 -860
3536 -873
3564 -867
.PEN_DOWN
3563 -540
3569 -541
3574 -547
.PEN_DOWN
3718 -924
3728 -924
3749 -912
3779 -881
3819 -827
3849 -783
3869 -752
3883 -747
3897 -767
3913 -805
3920 -846
3911 -881
3885 -904
3847 -910
3817 -905
3801 -897
.SEGMENT WORD 76:0-80:24 OK "Had"
.PEN_DOWN
2137 -192
2136 -194
2139 -197
2139 -220
2144 -287
2144 -399
2142 -540
2141 -675
2142 -783
2144 -855
2146 -892
.PEN_DOWN
2424 -216
2419 -231
2410 -282
2402 -371
2395 -494
2387 -628
2381 -740
2377 -826
2381 -877
.PEN_DOWN
2139 -634
2162 -635
2214 -635
2283 -633
2344 -631
.PEN_DOWN
2837 -705
2837 -705
2840 -703
2852 -687
2862 -661
2857 -625
2829 -603
2769 -607
2700 -652
2647 -719
2627 -788
2642 -842
2681 -873
2731 -872
2776 -840
2814 -774
2837 -714
2847 -677
2847 -674
2837 -707
2832 -763
2840 -820
2853 -864
2890 -888
2938 -882
.PEN_DOWN
3305 -760
3311 -760
3325 -749
3339 -731
3344 -693
3336 -656
3301 -638
3239 -650
3181 -695
3138 -749
3133 -801
3156 -836
3192 -841
3240 -812
3296 -737
3343 -628
3371 -540
3387 -481
3392 -459
3382 -484
3363 -548
3344 -634
3348 -717
3373 -776
3420 -802
.SEGMENT WORD 81:0-84:3 OK "not"
.PEN_DOWN
2027 -765
2027 -763
2027 -753
2032 -731
2050 -685
2086 -625
2133 -574
2180 -553
2215 -577
2237 -634
2247 -705
2252 -760
2255 -798
2258 -805
2275 -773
2311 -696
2354 -616
2384 -567
2394 -563
2399 -609
2405 -674
2428 -736
2475 -770
2538 -775
.PEN_DOWN
2946 -621
2944 -621
2944 -619
2948 -610
2946 -594
2928 -582
2888 -584
2822 -621
2771 -683
2753 -750
2781 -809
2838 -840
2898 -842
2946 -809
2961 -742
2944 -670
2916 -620
2886 -599
.PEN_DOWN
3164 -793
3161 -796
3161 -800
3163 -805
3189 -790
3227 -755
3270 -692
3300 -630
3338 -546
3353 -517
3356 -511
3343 -542
3321 -615
3311 -696
3318 -764
3344 -809
3389 -819
.PEN_DOWN
3296 -647
3321 -639
3382 -624
3449 -615
.SEGMENT WORD 85:0-88:17 OK "Are"
.PEN_DOWN
2359 -330
2359 -331
2352 -355
2333 -426
2301 -542
2266 -665
2238 -769
2220 -837
2214 -869
2225 -848
2257 -762
2295 -614
2329 -455
2352 -352
2367 -306
2381 -325
2400 -395
2427 -499
2457 -612
2485 -716
2506 -799
2521 -855
2533 -881
.PEN_DOWN
2207 -655
2223 -659
2276 -664
2359 -667
2442 -667
2505 -669
.PEN_DOWN
2796 -872
2796 -876
2799 -874
2817 -856
2850 -819
2883 -755
2906 -688
2910 -640
2903 -615
2893 -612
2900 -624
2928 -639
2972 -650
3009 -660
3029 -678
3020 -714
3002 -759
2994 -805
3004 -841
3029 -861
3070 -867
.PEN_DOWN
3407 -784
3392 -770
3377 -765
3371 -769
3373 -773
3396 -770
3429 -752
3467 -717
3488 -667
3492 -633
3463 -625
3415 -654
3376 -708
3358 -768
3374 -817
3415 -845
3478 -843
3543 -824
.SEGMENT WORD 89:0-93:4 OK "But"
.PEN_DOWN
2200 -320
2202 -318
2202 -324
2199 -355
2199 -422
2199 -515
2189 -626
2180 -726
2176 -800
2171 -846
2172 -858
.PEN_DOWN
2099 -350
2096 -352
2109 -341
2156 -314
2232 -283
2311 -269
2369 -287
2389 -339
2371 -402
2333 -461
2286 -504
2258 -528
2253 -533
2288 -531
2351 -536
2417 -554
2466 -600
2493 -664
2481 -732
2442 -793
2382 -836
2319 -858
2265 -858
2223 -833
2204 -802
.PEN_DOWN
2764 -628
2766 -623
2767 -619
2769 -616
2764 -645
2754 -703
2749 -768
2761 -821
2787 -856
2825 -856
2870 -819
2913 -750
2941 -690
2959 -659
2954 -676
2943 -721
2944 -774
2961 -814
2996 -838
3045 -838
.PEN_DOWN
3356 -412
3356 -416
3338 -447
3316 -507
3290 -598
3275 -688
3273 -767
3283 -821
3321 -848
3387 -837
.PEN_DOWN
3305 -628
3323 -623
3356 -619
3411 -615
3457 -613
.SEGMENT WORD 94:0-98:35 OK "From"
.PEN_DOWN
2141 -298
2139 -304
2136 -333
2137 -397
2133 -509
2114 -636
2103 -749
2098 -827
2094 -868
2096 -861
2104 -802
2104 -701
2099 -579
2098 -481
2111 -412
2162 -360
2245 -323
2347 -302
2442 -290
2514 -284
2556 -280
.PEN_DOWN
2142 -607
2161 -613
2217 -607
2290 -598
2342 -593
.PEN_DOWN
2536 -918
2536 -922
2541 -922
2557 -905
2582 -869
2605 -811
2625 -757
2633 -716
2640 -691
2643 -682
2655 -685
2675 -688
2696 -698
2716 -719
2723 -749
2719 -790
2714 -835
2708 -879
2710 -912
2736 -930
2779 -926
.PEN_DOWN
3204 -830
3191 -811
3181 -801
3179 -794
3186 -776
3187 -752
3181 -719
3154 -705
3093 -722
3032 -768
2994 -825
2989 -881
3019 -917
3060 -933
3106 -917
3139 -878
3148 -817
3134 -767
3111 -734
.PEN_DOWN
3366 -872
3358 -869
3349 -869
3348 -869
3348 -867
3361 -850
3389 -820
3427 -779
3465 -744
3492 -729
3508 -744
3513 -785
3515 -837
3513 -882
3510 -909
3511 -922
3521 -905
3544 -861
3579 -798
3612 -748
3634 -729
3642 -749
3642 -795
3640 -843
3637 -879
3640 -899
3655 -897
3682 -858
3716 -801
3745 -760
3761 -745
3759 -767
3758 -811
3768 -855
3791 -888
3835 -902
.SEGMENT WORD 99:0-100:19 OK "or"
.PEN_DOWN
2552 -505
2554 -497
2559 -488
2556 -468
2541 -448
2505 -444
2435 -480
2356 -552
2304 -645
2300 -731
2339 -798
2407 -830
2483 -824
2546 -778
2584 -696
2584 -605
2551 -535
2498 -492
2445 -479
.PEN_DOWN
2832 -763
2835 -763
2850 -754
2893 -717
2933 -662
2953 -610
2966 -542
2966 -521
2964 -504
2971 -506
3004 -514
3050 -519
3077 -528
3095 -552
3083 -597
3062 -652
3047 -708
3047 -760
3073 -801
3133 -817
.SEGMENT WORD 101:0-110:5 OK "HAVE"
.PEN_DOWN
2278 -252
2283 -254
2283 -289
2278 -372
2263 -522
2257 -614
2247 -724
2247 -820
2248 -852
.PEN_DOWN
2483 -256
2481 -300
2476 -357
2473 -460
2468 -584
2468 -698
2470 -807
2473 -848
2473 -882
.PEN_DOWN
2250 -655
2260 -659
2298 -662
2357 -657
2417 -655
.PEN_DOWN
2956 -304
2964 -303
2966 -309
2954 -361
2923 -459
2880 -588
2840 -705
2815 -798
2796 -848
2789 -862
2810 -819
2850 -707
2895 -557
2933 -438
2958 -365
2971 -339
2989 -360
3014 -424
3045 -515
3077 -621
3108 -722
3128 -801
3141 -860
3148 -889
.PEN_DOWN
2838 -685
2847 -686
2886 -690
2939 -683
2994 -680
.PEN_DOWN
3344 -347
3348 -341
3356 -354
3377 -399
3407 -485
3435 -597
3463 -701
3488 -784
3505 -835
3526 -843
3559 -796
3607 -690
3655 -556
3693 -449
3723 -382
3743 -344
3749 -321
.PEN_DOWN
3882 -352
3878 -364
3872 -408
3862 -488
3855 -595
3854 -698
3852 -774
3850 -819
3852 -825
.PEN_DOWN
3821 -337
3827 -339
3860 -337
3925 -333
3999 -329
4078 -323
4118 -315
.PEN_DOWN
3827 -573
3842 -576
3883 -582
3958 -583
4002 -583
4047 -590
.PEN_DOWN
3824 -867
3842 -869
3900 -869
3984 -873
4077 -874
4155 -878
.SEGMENT WORD 111:0-112:22 OK "an"
.PEN_DOWN
2483 -523
2483 -523
2485 -514
2473 -497
2450 -475
2417 -461
2354 -466
2265 -509
2172 -600
2139 -676
2149 -728
2217 -788
2275 -796
2349 -778
2405 -726
2443 -652
2462 -581
2463 -557
2458 -563
2452 -619
2453 -682
2465 -740
2480 -773
2516 -805
.PEN_DOWN
2865 -794
2868 -788
2877 -770
2903 -733
2939 -676
2984 -618
3014 -585
3034 -593
3035 -638
3030 -693
3027 -740
3024 -769
3030 -778
3058 -745
3101 -677
3141 -620
3163 -597
3164 -621
3164 -674
3182 -729
3220 -770
3287 -785
3366 -763
.SEGMENT WORD 113:0-117:23 OK "They"
.PEN_DOWN
2134 -215
2137 -207
2134 -213
2129 -251
2124 -323
2119 -428
2113 -548
2106 -657
2101 -745
2096 -807
2096 -842
.PEN_DOWN
1789 -216
1800 -221
1863 -226
1990 -223
2157 -218
2321 -216
2443 -212
2518 -211
2567 -213
.PEN_DOWN
2524 -620
2533 -625
2544 -634
2584 -633
2637 -620
2696 -581
2748 -506
2789 -393
2792 -324
2781 -295
2746 -315
2693 -426
2662 -519
2629 -652
2605 -760
2589 -835
2586 -873
2599 -864
2638 -811
2681 -750
2716 -716
2738 -717
2753 -750
2767 -778
2800 -820
2832 -835
2886 -831
.PEN_DOWN
3204 -758
3202 -759
3202 -763
3209 -768
3242 -765
3283 -744
3325 -702
3348 -659
3349 -631
3310 -636
3253 -675
3214 -737
3204 -796
3222 -842
3267 -866
3333 -851
.PEN_DOWN
3596 -674
3596 -672
3599 -666
3601 -670
3589 -697
3576 -737
3574 -784
3587 -817
3614 -830
3649 -819
3688 -775
3718 -722
3740 -686
3741 -688
3733 -728
3720 -801
3705 -881
3683 -948
3660 -993
3629 -1010
3607 -1005
3606 -981
3644 -953
3708 -922
.SEGMENT WORD 118:0-123:25 OK "Which"
.PEN_DOWN
1952 -300
1952 -300
1956 -313
1969 -360
1987 -450
2013 -557
2040 -652
2061 -719
2076 -758
2088 -768
2104 -728
2131 -645
2161 -554
2179 -491
2192 -463
2212 -486
2235 -552
2258 -639
2290 -717
2313 -776
2338 -801
2367 -779
2414 -696
2463 -557
2503 -438
2533 -360
2554 -311
.PEN_DOWN
2652 -613
2662 -615
2688 -607
2733 -584
2777 -531
2815 -454
2835 -373
2837 -316
2822 -294
2787 -333
2748 -423
2713 -543
2691 -660
2685 -749
2680 -807
2683 -829
2701 -800
2741 -742
2777 -693
2797 -671
2807 -687
2815 -727
2832 -767
2862 -798
2906 -799
2974 -773
.PEN_DOWN
3192 -848
3204 -847
3232 -835
3275 -811
3310 -774
3336 -732
3351 -706
3354 -698
3348 -721
3338 -764
3343 -802
3359 -832
3392 -838
.PEN_DOWN
3434 -497
3439 -500
.PEN_DOWN
3708 -733
3710 -732
3713 -722
3718 -707
3715 -691
3690 -683
3649 -703
3604 -747
3578 -799
3582 -846
3624 -873
3683 -872
.PEN_DOWN
3959 -631
3961 -634
3986 -635
4017 -623
4060 -589
4107 -509
4126 -450
4133 -382
4113 -346
4075 -361
4017 -448
3988 -525
3959 -644
3940 -763
3935 -821
3930 -846
3938 -838
3966 -798
3991 -767
4016 -743
4037 -758
4042 -781
4064 -817
4105 -842
4164 -846
4222 -822
.SEGMENT WORD 124:0-126:14 OK "One"
.PEN_DOWN
2392 -315
2390 -304
2381 -284
2362 -266
2333 -254
2266 -280
2177 -352
2094 -468
2052 -602
2063 -726
2119 -819
2209 -860
2308 -848
2390 -783
2447 -666
2450 -533
2400 -422
2321 -355
2237 -335
2172 -350
.PEN_DOWN
2552 -785
2556 -796
2556 -804
2571 -793
2599 -757
2647 -697
2700 -645
2739 -618
2759 -641
2759 -692
2757 -753
2753 -802
2753 -830
2766 -829
2799 -786
2847 -711
2890 -652
2915 -623
2920 -646
2915 -700
2923 -757
2951 -802
3007 -821
3082 -802
.PEN_DOWN
3262 -731
3268 -739
3296 -740
3331 -734
3381 -713
3424 -670
3432 -634
3419 -615
3376 -628
3326 -676
3301 -734
3308 -805
3334 -833
3404 -845
3454 -827
.SEGMENT WORD 127:0-130:19 OK "YOU"
.PEN_DOWN
2136 -200
2139 -213
2151 -251
2179 -304
2222 -355
2271 -390
.PEN_DOWN
2397 -351
2422 -313
2437 -293
2420 -309
2372 -381
2301 -505
2223 -645
2161 -768
2116 -857
2093 -903
.PEN_DOWN
2929 -346
2929 -344
2933 -342
2934 -330
2924 -316
2898 -311
2843 -336
2776 -402
2719 -501
2696 -609
2718 -703
2772 -767
2847 -793
2923 -767
2979 -687
3007 -559
2996 -453
2961 -392
2913 -376
.PEN_DOWN
3326 -360
3328 -360
3321 -380
3300 -435
3280 -520
3268 -623
3278 -712
3310 -771
3361 -794
3424 -764
3487 -675
3535 -552
3564 -459
3578 -404
3573 -401
3558 -449
3538 -535
3520 -628
3513 -706
3513 -759
.SEGMENT WORD 131:0-134:14 OK "Were"
.PEN_DOWN
1850 -269
1850 -266
1850 -269
1860 -300
1873 -372
1898 -485
1932 -607
1967 -712
1995 -785
2013 -829
2033 -824
2063 -767
2103 -657
2137 -571
2157 -528
2169 -553
2182 -621
2200 -695
2220 -757
2247 -791
2276 -785
2319 -714
2369 -584
2420 -454
2460 -356
2486 -295
2508 -259
.PEN_DOWN
2614 -656
2615 -662
2619 -677
2640 -691
2685 -691
2734 -671
2774 -634
2792 -594
2784 -564
2743 -567
2691 -612
2652 -677
2643 -747
2668 -798
2719 -825
2787 -824
.PEN_DOWN
3118 -846
3131 -836
3146 -820
3177 -778
3207 -693
3215 -651
3209 -615
3197 -605
3192 -612
3206 -621
3240 -629
3290 -636
3313 -647
3311 -677
3290 -718
3278 -765
3280 -800
3301 -820
3346 -819
3391 -801
.PEN_DOWN
3556 -755
3561 -762
3573 -764
3601 -762
3642 -748
3680 -714
3703 -667
3702 -630
3672 -625
3629 -666
3599 -731
3592 -796
3619 -846
3673 -868
3745 -861
.SEGMENT WORD 135:0-139:19 OK "Her"
.PEN_DOWN
2247 -334
2247 -334
2247 -337
2238 -381
2232 -466
2232 -585
2228 -706
2225 -806
2222 -879
2223 -925
2232 -936
.PEN_DOWN
2513 -277
2511 -308
2503 -377
2493 -486
2483 -613
2473 -733
2463 -832
2457 -897
2460 -934
.PEN_DOWN
2215 -661
2242 -672
2304 -682
2384 -685
2460 -686
.PEN_DOWN
2721 -807
2726 -810
2748 -809
2792 -793
2845 -755
2885 -703
2906 -652
2893 -629
2850 -645
2797 -701
2761 -771
2748 -847
2754 -907
2794 -936
2855 -935
.PEN_DOWN
3161 -945
3167 -933
3192 -905
3225 -860
3253 -789
3262 -723
3255 -683
3242 -674
3239 -685
3253 -706
3290 -718
3334 -724
3366 -734
3377 -745
3368 -770
3354 -805
3344 -846
3346 -874
3369 -892
3425 -892
.SEGMENT WORD 140:0-143:13 OK "All"
.PEN_DOWN
2247 -287
2240 -308
2218 -377
2176 -491
2126 -629
2081 -748
2058 -831
2055 -872
2076 -847
2113 -755
2164 -605
2200 -452
2227 -349
2240 -299
2252 -313
2273 -378
2301 -483
2331 -598
2364 -701
2390 -780
2409 -827
2420 -846
.PEN_DOWN
2111 -650
2131 -655
2189 -654
2273 -646
2349 -636
.PEN_DOWN
2620 -791
2627 -791
2650 -783
2721 -749
2772 -708
2853 -597
2885 -525
2905 -447
2895 -407
2860 -427
2817 -506
2772 -646
2764 -747
2776 -811
2817 -860
.PEN_DOWN
3083 -739
3096 -732
3134 -708
3186 -665
3237 -588
3267 -505
3272 -443
3253 -419
3215 -458
3164 -550
3118 -662
3096 -769
3105 -845
3143 -888
.SEGMENT WORD 144:0-146:13 OK "She"
.PEN_DOWN
2402 -282
2392 -273
2372 -266
2344 -258
2295 -268
2235 -297
2185 -341
2156 -386
2149 -429
2174 -461
2227 -489
2296 -516
2359 -554
2399 -605
2415 -665
2405 -726
2372 -774
2323 -812
2255 -831
2187 -830
2128 -802
2094 -770
.PEN_DOWN
2599 -626
2604 -629
2625 -629
2673 -618
2728 -582
2774 -511
2804 -418
2810 -347
2794 -310
2767 -326
2733 -391
2705 -491
2686 -605
2668 -711
2662 -789
2652 -840
2657 -850
2678 -817
2716 -768
2749 -731
2776 -714
2786 -728
2787 -760
2794 -806
2805 -846
2837 -868
2886 -868
2948 -838
.PEN_DOWN
3146 -804
3153 -806
3184 -800
3230 -783
3275 -745
3308 -692
3318 -647
3295 -635
3250 -669
3209 -733
3187 -804
3204 -858
3249 -886
3321 -883
.SEGMENT WORD 147:0-151:15 OK "there"
.PEN_DOWN
2068 -708
2068 -711
2066 -718
2066 -724
2076 -728
2116 -714
2179 -672
2248 -598
2304 -506
2341 -433
2364 -392
2362 -408
2347 -480
2329 -581
2316 -685
2309 -767
2308 -825
2304 -852
2301 -841
2295 -789
2281 -714
2270 -661
2261 -631
2270 -626
2303 -631
2364 -633
2433 -626
2490 -615
.PEN_DOWN
2716 -690
2718 -688
2718 -688
2723 -688
2756 -675
2787 -651
2850 -584
2885 -506
2900 -428
2896 -386
2868 -388
2843 -428
2805 -522
2769 -636
2746 -740
2731 -833
2728 -864
2733 -868
2751 -838
2786 -783
2817 -740
2840 -728
2858 -757
2865 -794
2875 -832
2885 -851
2931 -861
2971 -847
.PEN_DOWN
3144 -796
3143 -801
3151 -802
3184 -798
3227 -776
3265 -743
3293 -703
3296 -672
3283 -662
3245 -686
3206 -742
3182 -807
3186 -864
3212 -898
3262 -908
.PEN_DOWN
3483 -898
3487 -898
3505 -888
3535 -860
3564 -809
3579 -750
3578 -714
3564 -697
3551 -700
3561 -707
3587 -716
3619 -718
3644 -724
3649 -744
3634 -780
3621 -825
3619 -866
3637 -893
3672 -907
3723 -900
.PEN_DOWN
3854 -784
3852 -794
3854 -810
3869 -824
3903 -830
3950 -816
3996 -783
4019 -737
4017 -708
3988 -705
3950 -736
3920 -788
3918 -840
3941 -879
3989 -897
4062 -889
.SEGMENT WORD 152:0-156:19 OK "would"
.PEN_DOWN
1932 -729
1931 -732
1931 -733
1929 -732
1941 -711
1980 -550
2023 -540
2058 -525
2081 -537
2090 -588
2094 -655
2099 -716
2104 -759
2131 -770
2167 -740
2207 -674
2240 -609
2257 -571
2257 -577
2243 -619
2242 -674
2252 -721
2280 -744
2311 -739
2339 -692
2349 -618
2339 -556
2329 -523
2334 -519
2371 -522
2427 -519
2490 -511
.PEN_DOWN
2903 -639
2903 -631
2905 -614
2898 -587
2875 -564
2824 -567
2759 -608
2708 -670
2698 -731
2724 -774
2774 -789
2829 -773
2868 -719
2883 -644
2872 -585
2850 -553
.PEN_DOWN
3166 -597
3166 -590
3171 -587
3171 -589
3158 -631
3148 -671
3143 -729
3154 -789
3172 -809
3214 -802
3257 -762
3306 -676
3328 -631
3331 -619
3321 -650
3310 -713
3318 -750
3336 -786
3382 -795
.PEN_DOWN
3566 -645
3581 -644
3614 -631
3667 -603
3721 -546
3774 -466
3811 -382
3826 -325
3812 -310
3763 -362
3710 -461
3672 -576
3663 -671
3685 -731
3733 -750
.PEN_DOWN
4120 -678
4125 -667
4125 -634
4112 -614
4064 -602
3993 -619
3935 -657
3902 -707
3910 -754
3936 -763
3986 -749
4044 -693
4100 -578
4125 -506
4141 -429
4136 -419
4123 -454
4100 -557
4082 -652
4072 -727
.SEGMENT WORD 157:0-162:18 OK "their"
.PEN_DOWN
1823 -822
1823 -829
1846 -824
1904 -795
1977 -742
2042 -665
2093 -571
2129 -500
2146 -461
2141 -479
2124 -550
2108 -640
2094 -729
2083 -791
2078 -829
2075 -830
2066 -793
2052 -723
2032 -674
2012 -651
2004 -655
2032 -667
2093 -672
2167 -665
2232 -647
2276 -634
.PEN_DOWN
2447 -644
2447 -646
2448 -650
2468 -644
2511 -618
2561 -568
2595 -494
2614 -418
2609 -367
2584 -364
2546 -421
2503 -523
2471 -641
2455 -740
2448 -806
2442 -841
2458 -830
2493 -781
2529 -732
2556 -708
2567 -721
2574 -755
2590 -795
2617 -820
2672 -822
.PEN_DOWN
2883 -755
2881 -765
2891 -773
2916 -773
2961 -753
3004 -713
3035 -662
3043 -618
3020 -604
2977 -635
2943 -693
2928 -755
2944 -805
2986 -830
3043 -825
.PEN_DOWN
3275 -835
3288 -830
3315 -814
3346 -784
3377 -740
3397 -712
3399 -705
3386 -729
3374 -780
3381 -814
3411 -833
3440 -829
.PEN_DOWN
3458 -509
3457 -512
3463 -522
.PEN_DOWN
3611 -837
3614 -840
3627 -832
3654 -812
3680 -767
3700 -709
3705 -659
3697 -634
3690 -631
3695 -644
3723 -654
3756 -665
3783 -678
3786 -702
3774 -734
3764 -770
3769 -802
3801 -817
3857 -817
.SEGMENT WORD 163:0-166:5 OK "WE"
.PEN_DOWN
2048 -352
2045 -356
2048 -371
2065 -421
2090 -506
2111 -595
2131 -672
2149 -718
2166 -738
2184 -716
2215 -657
2240 -603
2257 -581
2268 -610
2283 -664
2308 -722
2336 -762
2372 -775
2414 -740
2460 -649
2509 -519
2559 -408
2599 -334
2624 -290
.PEN_DOWN
2908 -437
2910 -434
2910 -434
2911 -458
2901 -543
2895 -608
2888 -690
2883 -748
2883 -776
2885 -755
2891 -683
2893 -605
2900 -492
2903 -448
2929 -407
2984 -382
3077 -361
3129 -351
3181 -342
3215 -341
.PEN_DOWN
2911 -563
2928 -571
2979 -568
3057 -564
3088 -562
.PEN_DOWN
2875 -784
2898 -788
2971 -789
3055 -784
3128 -778
3192 -775
.SEGMENT WORD 167:0-172:33 OK "Him"
.PEN_DOWN
1997 -324
1999 -320
1997 -320
1999 -334
2004 -364
2004 -439
1999 -543
1992 -676
1992 -765
1992 -820
1992 -881
1995 -898
.PEN_DOWN
2237 -337
2245 -367
2247 -407
2247 -485
2243 -588
2237 -722
2233 -793
2235 -867
2237 -914
.PEN_DOWN
2004 -683
2009 -688
2042 -696
2098 -698
2174 -696
.PEN_DOWN
2533 -878
2529 -878
2529 -886
2534 -887
2556 -882
2600 -856
2647 -811
2683 -763
2703 -732
2703 -732
2690 -767
2688 -811
2703 -847
2736 -864
2776 -850
.PEN_DOWN
2767 -514
2766 -519
.PEN_DOWN
3043 -889
3042 -889
3039 -893
3035 -897
3035 -894
3055 -866
3075 -836
3118 -769
3151 -738
3172 -733
3191 -773
3197 -820
3199 -858
3199 -878
3201 -892
3212 -874
3247 -809
3278 -763
3303 -740
3310 -757
3306 -788
3301 -843
3301 -877
3303 -894
3323 -886
3354 -840
3386 -795
3417 -753
3430 -742
3430 -768
3425 -822
3430 -855
3467 -892
3516 -895
.SEGMENT WORD 173:0-180:29 OK "BEEN"
.PEN_DOWN
1896 -295
1896 -294
1896 -294
1898 -304
1906 -361
1911 -423
1913 -525
1914 -646
1914 -703
1918 -760
1914 -762
1909 -714
1906 -616
1908 -521
1924 -404
1961 -318
2023 -268
2098 -257
2169 -285
2180 -321
2154 -378
2104 -429
2048 -468
2017 -488
2022 -499
2060 -501
2124 -514
2210 -550
2260 -594
2283 -639
2276 -698
2227 -755
2144 -798
2055 -827
1979 -835
1923 -817
.PEN_DOWN
2488 -347
2485 -346
2485 -346
2485 -347
2490 -385
2490 -465
2486 -568
2483 -666
2483 -739
2478 -784
2481 -793
2483 -753
2481 -661
2481 -548
2476 -458
2476 -399
2486 -360
2529 -336
2605 -318
2688 -305
2756 -293
2802 -289
.PEN_DOWN
2475 -535
2491 -537
2541 -540
2609 -537
2670 -532
.PEN_DOWN
2465 -812
2518 -807
2607 -800
2708 -795
2792 -794
.PEN_DOWN
3027 -342
3035 -337
3043 -330
3047 -346
3042 -403
3035 -497
3025 -600
3024 -686
3020 -745
3019 -776
3019 -776
3017 -734
3009 -650
2997 -550
2992 -474
2996 -421
3014 -387
3063 -367
3134 -357
3212 -347
3275 -342
3315 -336
3336 -330
.PEN_DOWN
2999 -542
3012 -548
3055 -551
3125 -550
3189 -551
.PEN_DOWN
2992 -788
3004 -794
3042 -801
3108 -802
3189 -800
3268 -801
3330 -807
.PEN_DOWN
3630 -387
3612 -371
3592 -368
3573 -391
3554 -453
3543 -543
3535 -636
3526 -719
3523 -771
3520 -793
3518 -774
3518 -703
3520 -600
3518 -511
3518 -457
3520 -429
3539 -438
3568 -483
3609 -548
3659 -631
3703 -708
3740 -764
3773 -796
3801 -788
3824 -727
3839 -626
3852 -512
3862 -423
3872 -367
3880 -329
.SEGMENT WORD 181:0-186:25 OK "HAS"
.PEN_DOWN
2017 -294
2018 -299
2013 -335
2005 -391
2002 -504
1999 -631
1997 -747
1997 -853
1999 -894
.PEN_DOWN
2233 -352
2230 -403
2227 -468
2220 -581
2217 -698
2212 -821
2214 -889
2218 -928
.PEN_DOWN
1956 -697
1979 -695
2025 -697
2124 -701
2202 -703
.PEN_DOWN
2789 -362
2789 -372
2772 -426
2734 -531
2686 -657
2645 -773
2614 -861
2592 -910
2592 -918
2614 -868
2652 -758
2701 -609
2739 -489
2767 -416
2787 -387
2804 -416
2824 -481
2848 -574
2878 -671
2910 -763
2934 -833
2948 -879
2959 -897
.PEN_DOWN
2632 -727
2658 -731
2714 -731
2781 -732
2835 -733
.PEN_DOWN
3399 -418
3399 -418
3406 -418
3417 -411
3417 -396
3412 -380
3386 -368
3334 -378
3275 -408
3225 -449
3197 -491
3196 -531
3220 -563
3267 -585
3325 -605
3376 -629
3415 -660
3439 -703
3442 -753
3425 -805
3389 -843
3339 -873
3278 -883
3224 -877
3184 -856
3163 -833
.SEGMENT WORD 187:0-194:31 OK "WHEN"
.PEN_DOWN
1921 -326
1921 -320
1923 -310
1923 -306
1921 -319
1929 -366
1947 -450
1974 -550
2005 -643
2033 -717
2052 -763
2070 -775
2086 -744
2109 -667
2134 -577
2149 -519
2161 -496
2171 -516
2184 -569
2200 -635
2215 -698
2228 -742
2247 -762
2266 -749
2300 -686
2344 -579
2384 -479
2414 -412
2433 -375
.PEN_DOWN
2713 -342
2713 -342
2710 -359
2703 -411
2695 -499
2696 -595
2700 -683
2701 -748
2703 -789
.PEN_DOWN
2893 -339
2886 -377
2880 -445
2872 -535
2863 -625
2862 -706
2862 -764
2860 -795
.PEN_DOWN
2662 -615
2685 -620
2736 -619
2800 -612
.PEN_DOWN
3199 -364
3194 -381
3194 -387
3192 -395
3191 -417
3189 -466
3182 -547
3181 -634
3177 -703
3176 -750
3176 -771
3177 -758
3179 -696
3182 -603
3181 -514
3176 -454
3181 -422
3206 -399
3258 -388
3331 -378
3406 -370
3460 -361
3493 -356
.PEN_DOWN
3186 -568
3204 -569
3245 -571
3300 -571
3351 -569
.PEN_DOWN
3143 -786
3148 -789
3169 -798
3217 -807
3295 -810
3382 -812
3457 -815
3513 -817
3551 -821
.PEN_DOWN
3774 -426
3776 -419
3779 -412
3781 -408
3779 -433
3781 -495
3781 -577
3778 -652
3774 -711
3771 -745
3771 -752
3766 -721
3764 -652
3769 -569
3781 -505
3784 -464
3792 -452
3807 -478
3837 -533
3883 -603
3940 -674
3994 -734
4035 -776
4065 -799
4085 -796
4097 -752
4108 -666
4118 -554
4136 -454
4150 -382
4164 -339
4174 -314
.SEGMENT WORD 195:0-199:18 OK "WHO"
.PEN_DOWN
1527 -290
1527 -287
1529 -284
1536 -310
1556 -376
1597 -475
1637 -577
1670 -660
1691 -712
1704 -742
1714 -729
1736 -675
1769 -581
1802 -500
1820 -460
1828 -474
1848 -528
1871 -602
1894 -671
1918 -719
1937 -748
1957 -740
1992 -686
2037 -572
2085 -445
2124 -347
2149 -283
2172 -244
.PEN_DOWN
2389 -206
2392 -209
2390 -218
2395 -253
2397 -324
2399 -427
2394 -538
2389 -631
2385 -696
2390 -733
.PEN_DOWN
2609 -213
2602 -258
2600 -334
2600 -435
2604 -535
2607 -615
2615 -670
2620 -697
.PEN_DOWN
2314 -517
2339 -528
2404 -537
2491 -541
2562 -542
.PEN_DOWN
3172 -341
3182 -334
3197 -323
3206 -308
3197 -290
3167 -275
3106 -288
3030 -339
2959 -422
2923 -517
2924 -612
2971 -687
3042 -729
3120 -733
3189 -685
3237 -589
3249 -479
3225 -392
3179 -344
.SEGMENT WORD 200:0-204:15 OK "Will"
.PEN_DOWN
1901 -329
1904 -325
1904 -321
1906 -329
1911 -376
1926 -468
1951 -584
1984 -716
2002 -774
2018 -825
2043 -838
2061 -814
2106 -716
2129 -639
2152 -564
2171 -523
2179 -542
2202 -623
2214 -678
2238 -745
2253 -791
2281 -812
2309 -793
2361 -707
2419 -574
2470 -452
2511 -366
2521 -335
.PEN_DOWN
2562 -810
2562 -814
2561 -817
2574 -822
2594 -815
2630 -789
2668 -744
2691 -712
2703 -697
2700 -718
2696 -758
2700 -799
2721 -825
2761 -826
.PEN_DOWN
2771 -488
2774 -494
.PEN_DOWN
2956 -788
2944 -791
2936 -802
2936 -810
2956 -809
3002 -786
3067 -738
3131 -651
3182 -541
3207 -457
3204 -411
3166 -429
3118 -509
3085 -618
3075 -721
3095 -794
3129 -840
.PEN_DOWN
3330 -724
3334 -723
3361 -714
3402 -682
3455 -625
3500 -547
3528 -470
3539 -411
3536 -376
3511 -388
3465 -458
3429 -562
3402 -669
3399 -763
3417 -826
3460 -851
.SEGMENT WORD 205:0-212:7 OK "MORE"
.PEN_DOWN
1997 -385
1999 -398
1995 -455
1990 -554
1984 -670
1977 -767
1974 -833
1975 -858
1974 -833
1977 -749
1977 -626
1975 -522
1975 -464
1984 -453
2010 -486
2055 -543
2106 -605
2151 -656
2180 -692
.PEN_DOWN
2318 -435
2303 -461
2258 -522
2204 -599
2161 -670
2141 -713
2149 -724
2187 -687
2240 -607
2291 -517
2324 -457
2336 -442
2336 -481
2331 -561
2326 -660
2328 -750
2328 -816
2336 -856
.PEN_DOWN
2781 -557
2787 -536
2797 -505
2794 -474
2767 -453
2705 -468
2632 -521
2577 -599
2554 -691
2562 -770
2602 -831
2662 -855
2723 -841
2767 -783
2784 -687
2766 -589
2736 -512
.PEN_DOWN
2979 -506
2982 -499
2982 -499
2981 -520
2977 -577
2976 -656
2976 -731
2977 -786
2977 -816
.PEN_DOWN
2977 -697
2972 -609
2972 -543
2987 -495
3027 -464
3083 -454
3136 -469
3158 -510
3149 -564
3113 -612
3067 -646
3024 -664
3001 -671
2997 -667
3015 -670
3050 -695
3091 -733
3128 -775
3159 -812
3181 -841
3194 -858
.PEN_DOWN
3374 -530
3373 -523
3374 -519
3373 -520
3366 -553
3358 -620
3356 -698
3356 -770
3354 -821
3351 -846
3349 -840
3346 -795
3338 -714
3333 -635
3325 -578
3323 -537
3343 -511
3389 -499
3454 -496
3525 -496
3576 -492
3612 -490
3627 -483
.PEN_DOWN
3328 -626
3333 -635
3359 -643
3406 -646
3465 -646
3521 -649
3553 -652
.PEN_DOWN
3358 -829
3364 -838
3384 -846
3435 -852
3515 -861
3591 -869
3647 -878
3682 -879
.SEGMENT WORD 213:0-214:15 OK "no"
.PEN_DOWN
1952 -681
1947 -687
1942 -697
1934 -701
1937 -698
1951 -677
1985 -636
2030 -593
2066 -578
2090 -600
2094 -659
2093 -722
2090 -776
2088 -811
2093 -827
2103 -811
2133 -757
2172 -675
2210 -615
2233 -595
2238 -625
2240 -685
2250 -750
2273 -800
2319 -824
2385 -821
.PEN_DOWN
2834 -687
2840 -681
2852 -662
2858 -635
2848 -608
2812 -597
2754 -620
2695 -671
2662 -737
2657 -795
2681 -838
2731 -852
2784 -831
2822 -768
2837 -687
2822 -626
.SEGMENT WORD 215:0-217:4 OK "IF"
.PEN_DOWN
2270 -325
2270 -325
2270 -325
2273 -339
2271 -386
2271 -476
2273 -585
2275 -691
2276 -773
2278 -830
2281 -863
.PEN_DOWN
2528 -336
2528 -336
2528 -337
2528 -360
2534 -414
2526 -506
2514 -609
2505 -702
2500 -770
2495 -809
2498 -815
2509 -764
2516 -665
2518 -548
2514 -444
2514 -380
2528 -337
2571 -319
2647 -313
2733 -309
2804 -306
2850 -305
.PEN_DOWN
2505 -567
2541 -571
2605 -574
2678 -579
2734 -584
.SEGMENT WORD 218:0-221:4 OK "Out"
.PEN_DOWN
2466 -399
2470 -396
2475 -390
2471 -375
2455 -357
2415 -364
2349 -403
2271 -481
2209 -590
2177 -706
2189 -807
2247 -883
2329 -920
2422 -920
2508 -877
2572 -783
2599 -659
2587 -542
2538 -463
2462 -423
.PEN_DOWN
2825 -675
2835 -675
2840 -681
2829 -719
2809 -783
2807 -856
2830 -913
2878 -940
2936 -933
2992 -883
3039 -799
3070 -731
3078 -696
3070 -703
3062 -745
3062 -802
3073 -856
3108 -889
3158 -899
.PEN_DOWN
3404 -907
3414 -909
3434 -900
3473 -881
3525 -833
3581 -750
3630 -640
3662 -548
3678 -492
3677 -491
3655 -542
3625 -625
3612 -712
3624 -780
3657 -822
3711 -827
.PEN_DOWN
3573 -647
3601 -651
3660 -654
3745 -650
3821 -641
.SEGMENT WORD 222:0-223:15 OK "So"
.PEN_DOWN
2422 -342
2422 -342
2420 -335
2417 -325
2397 -316
2351 -315
2291 -334
2240 -359
2204 -385
2192 -413
2200 -439
2227 -461
2280 -483
2344 -501
2397 -527
2442 -561
2471 -607
2480 -661
2470 -713
2438 -762
2392 -796
2328 -812
2257 -812
2182 -796
2128 -757
2091 -713
2080 -690
.PEN_DOWN
2903 -639
2915 -626
2918 -605
2913 -587
2868 -572
2809 -594
2754 -644
2728 -687
2731 -745
2766 -788
2834 -804
2875 -788
2923 -718
2928 -661
2905 -597
2867 -559
.SEGMENT WORD 224:0-229:12 OK "SAID"
.PEN_DOWN
2488 -340
2491 -336
2495 -330
2490 -316
2470 -302
2424 -298
2354 -318
2281 -355
2235 -399
2214 -442
2230 -474
2280 -500
2344 -520
2414 -547
2458 -588
2486 -643
2483 -701
2457 -752
2407 -789
2341 -809
2275 -810
2220 -790
2185 -739
.PEN_DOWN
2796 -318
2792 -325
2781 -356
2751 -437
2700 -563
2672 -635
2648 -716
2633 -764
2629 -774
2650 -724
2693 -619
2734 -489
2757 -416
2781 -349
2792 -345
2812 -383
2847 -471
2873 -538
2911 -634
2951 -726
2967 -763
2984 -799
.PEN_DOWN
2640 -603
2650 -605
2724 -619
2799 -626
2848 -631
.PEN_DOWN
3189 -383
3189 -377
3196 -399
3196 -458
3196 -547
3192 -636
3191 -707
3194 -755
3197 -779
.PEN_DOWN
3429 -359
3427 -375
3424 -417
3427 -489
3429 -579
3427 -656
3425 -714
3424 -750
.PEN_DOWN
3336 -357
3344 -350
3364 -342
3407 -345
3482 -354
3559 -385
3612 -449
3632 -540
3622 -630
3581 -701
3515 -748
3442 -771
3382 -779
.SEGMENT WORD 230:0-234:4 OK "what"
.PEN_DOWN
1709 -767
1709 -767
1709 -768
1713 -758
1737 -726
1775 -677
1820 -624
1865 -592
1888 -604
1891 -665
1885 -737
1880 -799
1880 -841
1893 -853
1926 -832
1972 -767
2015 -688
2045 -639
2053 -621
2048 -652
2040 -714
2037 -783
2052 -838
2081 -871
2118 -874
2152 -840
2176 -768
2180 -698
2174 -655
2174 -638
2184 -638
2220 -638
2276 -630
2336 -618
.PEN_DOWN
2559 -636
2554 -644
2551 -651
2566 -651
2605 -634
2663 -595
2714 -532
2751 -443
2762 -357
2754 -304
2726 -304
2691 -367
2658 -476
2629 -598
2604 -711
2587 -798
2576 -851
2574 -873
2595 -850
2637 -791
2678 -736
2708 -703
2729 -702
2738 -728
2756 -768
2777 -804
2810 -824
2857 -825
2915 -800
.PEN_DOWN
3359 -745
3366 -738
3377 -727
3384 -701
3389 -669
3384 -638
3351 -626
3288 -655
3224 -708
3181 -767
3172 -819
3191 -852
3234 -862
3280 -845
3323 -796
3356 -743
3371 -711
3376 -707
3363 -736
3359 -778
3364 -819
3381 -851
3414 -864
3465 -861
.PEN_DOWN
3677 -882
3680 -883
3697 -881
3731 -864
3778 -826
3827 -757
3877 -662
3908 -581
3928 -533
3925 -531
3898 -584
3869 -665
3857 -745
3864 -807
3887 -845
3926 -847
.PEN_DOWN
3845 -678
3875 -681
3935 -681
4004 -678
3612 -647
.SEGMENT WORD 235:0-236:28 OK "Up"
.PEN_DOWN
2042 -346
2042 -334
2048 -320
2048 -313
2048 -320
2037 -372
2018 -468
2012 -577
2020 -674
2045 -740
2085 -778
2136 -780
2200 -732
2271 -626
2324 -489
2361 -375
2377 -302
2382 -267
2379 -275
2369 -334
2356 -433
2338 -543
2328 -643
2328 -721
2336 -774
2346 -805
.PEN_DOWN
2657 -734
2653 -739
2655 -745
2675 -753
2711 -740
2746 -717
2789 -657
2837 -564
2855 -516
2855 -515
2845 -554
2822 -654
2796 -785
2782 -856
2771 -944
2764 -982
2764 -984
2767 -943
2791 -821
2812 -733
2860 -615
2896 -577
2951 -569
2974 -595
2972 -664
2949 -700
2896 -744
2865 -757
2825 -763
.SEGMENT WORD 237:0-240:22 OK "ITS"
.PEN_DOWN
2106 -328
2109 -321
2113 -316
2111 -321
2108 -361
2106 -439
2106 -538
2106 -647
2109 -739
2113 -810
2111 -855
2114 -878
.PEN_DOWN
2552 -331
2552 -331
2551 -345
2548 -393
2541 -475
2538 -574
2538 -672
2534 -755
2529 -814
2528 -848
.PEN_DOWN
2318 -359
2316 -362
2323 -364
2359 -364
2428 -359
2523 -357
2609 -357
2673 -355
2716 -355
2744 -350
.PEN_DOWN
3219 -416
3219 -409
3220 -404
3215 -391
3197 -377
3153 -377
3098 -393
3045 -422
3010 -457
2992 -491
3001 -522
3032 -547
3080 -571
3131 -597
3176 -630
3201 -680
3212 -734
3201 -783
3159 -820
3100 -838
3035 -840
2979 -824
2946 -799
.SEGMENT WORD 241:0-246:3 OK "about"
.PEN_DOWN
2359 -693
2364 -676
2361 -650
2349 -618
2323 -595
2271 -599
2199 -635
2137 -695
2108 -759
2111 -814
2146 -848
2200 -856
2258 -825
2319 -755
2362 -691
2377 -656
2374 -665
2359 -707
2351 -765
2361 -820
2382 -858
2428 -869
.PEN_DOWN
2728 -664
2729 -667
2739 -670
2772 -661
2824 -631
2883 -576
2928 -494
2956 -422
2958 -378
2924 -387
2868 -460
2804 -567
2766 -681
2756 -774
2772 -835
2810 -853
2857 -825
2896 -750
2911 -681
2908 -639
2901 -631
2911 -635
2951 -639
3009 -633
3067 -615
.PEN_DOWN
3333 -748
3343 -747
3356 -736
3371 -714
3373 -683
3361 -647
3330 -629
3273 -646
3222 -698
3187 -763
3186 -827
3210 -871
3249 -886
3295 -868
3330 -810
3341 -734
3341 -676
.PEN_DOWN
3544 -666
3553 -660
3554 -659
3551 -666
3536 -708
3523 -770
3520 -826
3535 -869
3563 -887
3609 -867
3663 -809
3708 -737
3736 -690
3740 -680
3730 -707
3716 -752
3716 -798
3736 -837
3773 -855
.PEN_DOWN
4004 -871
4012 -873
4029 -869
4062 -845
4112 -794
4166 -708
4217 -619
4247 -557
4260 -526
4244 -542
4214 -602
4198 -676
4199 -742
4222 -789
4270 -806
.PEN_DOWN
4148 -644
4163 -644
4207 -641
4279 -639
.SEGMENT WORD 247:0-252:14 OK "into"
.PEN_DOWN
1959 -729
1956 -734
1957 -740
1972 -742
2009 -726
2047 -692
2080 -646
2103 -610
2111 -589
2103 -613
2086 -665
2081 -721
2103 -767
2144 -790
2199 -779
.PEN_DOWN
2152 -388
2157 -392
2164 -395
.PEN_DOWN
2490 -734
2485 -738
2483 -742
2480 -745
2490 -742
2513 -723
2551 -685
2584 -641
2610 -616
2624 -625
2627 -666
2624 -721
2622 -768
2624 -799
2629 -809
2652 -780
2686 -719
2721 -659
2743 -623
2753 -621
2748 -659
2749 -707
2762 -750
2799 -781
2853 -785
.PEN_DOWN
3058 -802
3058 -802
3068 -800
3095 -788
3139 -750
3192 -687
3244 -595
3282 -523
3303 -481
3303 -485
3280 -537
3260 -613
3255 -682
3273 -733
3315 -760
.PEN_DOWN
3257 -620
3296 -615
3361 -610
3427 -607
.PEN_DOWN
3754 -682
3761 -674
3759 -654
3754 -633
3725 -621
3675 -643
3624 -688
3594 -744
3587 -798
3617 -836
3660 -846
3710 -825
3746 -770
3754 -705
3741 -657
.SEGMENT WORD 253:0-257:23 OK "Than"
.PEN_DOWN
2258 -340
2257 -340
2253 -342
2250 -352
2248 -388
2245 -459
2242 -554
2240 -662
2235 -755
2232 -830
2227 -876
2225 -895
.PEN_DOWN
1934 -336
1926 -330
1921 -326
1928 -334
1974 -342
2078 -337
2223 -333
2362 -331
2470 -337
2534 -340
2581 -340
.PEN_DOWN
2685 -626
2685 -630
2685 -633
2698 -631
2734 -612
2784 -568
2827 -501
2850 -424
2850 -366
2830 -344
2792 -375
2757 -454
2729 -561
2713 -669
2705 -760
2700 -822
2696 -863
2706 -867
2731 -825
2766 -759
2797 -714
2819 -696
2832 -718
2845 -758
2860 -801
2881 -833
2920 -848
2981 -836
.PEN_DOWN
3401 -788
3404 -788
3415 -775
3429 -762
3437 -723
3429 -680
3404 -667
3331 -695
3273 -745
3240 -806
3235 -861
3253 -891
3300 -904
3330 -892
3373 -826
3396 -767
3409 -726
3411 -714
3409 -736
3404 -778
3402 -827
3411 -860
3424 -895
3445 -913
.PEN_DOWN
3687 -884
3687 -884
3692 -886
3698 -878
3710 -853
3743 -806
3786 -757
3817 -727
3835 -733
3834 -775
3832 -826
3830 -871
3830 -900
3832 -909
3849 -886
3878 -825
3923 -760
3951 -723
3963 -726
3959 -764
3958 -816
3968 -863
4002 -892
4060 -892
.SEGMENT WORD 258:0-268:21 OK "THEM"
.PEN_DOWN
2142 -304
2142 -304
2142 -298
2149 -290
2149 -284
2152 -293
2157 -321
2162 -387
2162 -483
2157 -589
2151 -685
2144 -759
2142 -807
2142 -831
.PEN_DOWN
1909 -294
1899 -285
1894 -280
1896 -278
1929 -283
2013 -294
2131 -299
2238 -297
2321 -295
2372 -298
.PEN_DOWN
2691 -342
2693 -339
2693 -344
2693 -381
2696 -455
2695 -554
2695 -656
2688 -742
2683 -798
2680 -827
.PEN_DOWN
2886 -302
2885 -306
2883 -337
2880 -401
2873 -494
2863 -603
2853 -700
2847 -771
2848 -814
2850 -826
.PEN_DOWN
2662 -633
2676 -635
2713 -638
2766 -638
2825 -641
.PEN_DOWN
3143 -366
3146 -366
3151 -367
3148 -391
3146 -444
3141 -527
3134 -614
3131 -690
3128 -744
3128 -778
3125 -785
.PEN_DOWN
3105 -376
3103 -373
3100 -373
3100 -373
3128 -368
3181 -361
3249 -351
3310 -346
3354 -340
3391 -340
3401 -336
.PEN_DOWN
3126 -567
3143 -571
3182 -572
3235 -568
3293 -571
3328 -577
.PEN_DOWN
3100 -807
3103 -810
3121 -819
3169 -829
3245 -836
3330 -840
3399 -845
3449 -846
3473 -851
.PEN_DOWN
3768 -398
3761 -390
3756 -383
3754 -380
3743 -393
3731 -447
3718 -530
3713 -620
3705 -702
3705 -758
3703 -789
3703 -789
3705 -747
3698 -669
3692 -576
3688 -499
3690 -453
3695 -426
3715 -423
3741 -445
3774 -485
3817 -536
3859 -584
3895 -619
3916 -640
.PEN_DOWN
4029 -427
4032 -427
4026 -437
4001 -469
3964 -520
3923 -576
3895 -619
3875 -644
3878 -641
3902 -608
3940 -536
3981 -464
4011 -421
4029 -399
4040 -412
4049 -459
4054 -527
4055 -607
4059 -685
4059 -754
4062 -802
4070 -837
.SEGMENT WORD 269:0-271:27 OK "can"
.PEN_DOWN
2397 -582
2399 -573
2399 -559
2399 -537
2385 -512
2361 -500
2306 -511
2235 -551
2180 -616
2154 -693
2176 -763
2240 -809
2324 -830
2405 -824
2470 -807
.PEN_DOWN
2850 -670
2853 -662
2857 -656
2862 -649
2868 -626
2863 -604
2840 -578
2789 -567
2716 -589
2642 -651
2614 -714
2620 -758
2660 -812
2705 -829
2757 -812
2807 -765
2834 -716
2857 -659
2875 -619
2873 -613
2868 -638
2863 -686
2865 -743
2877 -798
2895 -819
2929 -827
.PEN_DOWN
3186 -798
3176 -804
3166 -809
3163 -809
3166 -799
3186 -769
3224 -716
3273 -651
3313 -605
3341 -587
3356 -613
3364 -666
3361 -729
3356 -784
3356 -819
3354 -835
3364 -821
3391 -771
3430 -702
3468 -645
3493 -613
3503 -615
3503 -656
3500 -712
3510 -765
3531 -805
3576 -821
3634 -806
.SEGMENT WORD 272:0-275:23 OK "only"
.PEN_DOWN
2291 -564
2308 -558
2324 -545
2333 -522
2321 -506
2285 -507
2222 -548
2167 -615
2142 -696
2157 -769
2210 -816
2285 -833
2356 -817
2404 -771
2409 -695
2374 -629
2319 -593
2263 -584
.PEN_DOWN
2683 -773
2683 -769
2698 -752
2736 -712
2787 -659
2832 -614
2868 -600
2881 -630
2881 -687
2873 -745
2870 -791
2873 -817
2881 -810
2910 -764
2951 -696
2991 -639
3022 -613
3034 -631
3035 -670
3039 -721
3047 -763
3083 -785
3143 -788
.PEN_DOWN
3419 -649
3419 -650
3417 -654
3434 -651
3470 -631
3521 -589
3578 -514
3622 -421
3647 -354
3642 -326
3592 -361
3523 -447
3463 -556
3435 -655
3440 -736
3472 -781
3523 -788
.PEN_DOWN
3842 -623
3845 -615
3849 -613
3844 -626
3830 -665
3829 -713
3840 -759
3862 -786
3900 -784
3938 -760
3974 -709
3997 -669
4009 -651
4004 -675
3999 -737
3993 -816
3974 -898
3956 -965
3925 -1008
3893 -1024
3875 -1011
3887 -970
3928 -925
3989 -883
.SEGMENT WORD 276:0-280:19 OK "other"
.PEN_DOWN
2273 -531
2273 -527
2273 -522
2275 -509
2268 -491
2248 -471
2204 -476
2129 -520
2066 -597
2050 -682
2083 -752
2151 -793
2225 -791
2283 -754
2314 -678
2303 -589
2255 -514
2202 -470
.PEN_DOWN
2493 -701
2493 -705
2506 -698
2541 -672
2592 -621
2642 -546
2683 -470
2706 -421
2711 -413
2703 -459
2691 -543
2675 -634
2663 -707
2655 -758
2650 -775
2645 -752
2637 -682
2622 -621
2615 -582
2617 -564
2648 -558
2708 -553
2772 -542
2829 -532
.PEN_DOWN
2929 -623
2931 -621
2962 -609
2997 -590
3060 -525
3091 -469
3118 -368
3120 -328
3101 -305
3078 -334
3047 -418
3012 -552
2999 -630
2986 -719
2977 -783
2979 -802
2999 -778
3024 -736
3062 -685
3083 -661
3105 -674
3110 -695
3129 -731
3148 -748
3189 -755
3239 -745
.PEN_DOWN
3439 -722
3449 -722
3472 -723
3510 -717
3549 -700
3581 -670
3594 -631
3586 -608
3541 -612
3490 -651
3455 -708
3454 -763
3477 -805
3520 -822
3576 -815
.PEN_DOWN
3816 -843
3816 -843
3829 -837
3847 -814
3873 -768
3898 -697
3903 -639
3888 -603
3870 -599
3864 -612
3877 -628
3913 -639
3959 -644
3996 -645
4007 -655
4002 -682
3991 -718
3993 -752
4016 -780
4064 -791
.SEGMENT WORD 281:0-283:31 OK "New"
.PEN_DOWN
2108 -329
2116 -328
2121 -323
2128 -326
2126 -364
2123 -449
2119 -562
2114 -670
2111 -749
2106 -796
2106 -802
2106 -752
2109 -638
2114 -497
2116 -392
2116 -330
2131 -323
2162 -367
2209 -455
2268 -559
2319 -652
2357 -718
2384 -749
2415 -727
2450 -639
2485 -504
2508 -376
2524 -285
2539 -231
2551 -206
.PEN_DOWN
2676 -661
2681 -667
2703 -666
2741 -650
2784 -613
2809 -571
2812 -536
2781 -527
2733 -564
2695 -626
2681 -696
2703 -755
2749 -791
2814 -802
.PEN_DOWN
3116 -773
3116 -778
3118 -781
3120 -781
3136 -770
3166 -738
3206 -682
3240 -629
3265 -600
3268 -619
3260 -669
3253 -729
3257 -781
3275 -814
3305 -809
3348 -764
3387 -696
3406 -646
3411 -633
3396 -659
3382 -709
3389 -760
3414 -796
3450 -801
3490 -764
3515 -692
3523 -626
3526 -589
3531 -576
3566 -577
3629 -581
3705 -576
.SEGMENT WORD 284:0-287:13 OK "some"
.PEN_DOWN
2222 -556
2222 -553
2223 -542
2225 -522
2209 -509
2167 -512
2108 -546
2065 -592
2047 -633
2061 -665
2104 -685
2154 -703
2189 -728
2197 -765
2177 -805
2133 -838
2083 -857
2033 -864
1997 -850
1974 -820
.PEN_DOWN
2569 -640
2574 -636
2579 -633
2582 -624
2572 -602
2524 -579
2471 -581
2400 -619
2352 -691
2356 -738
2395 -788
2475 -814
2534 -799
2572 -752
2579 -703
2554 -638
2533 -612
.PEN_DOWN
2817 -791
2815 -795
2815 -795
2824 -784
2848 -752
2890 -701
2934 -650
2974 -626
2994 -649
3001 -696
3002 -753
2999 -795
2997 -821
3002 -822
3019 -794
3060 -728
3095 -671
3121 -643
3133 -654
3133 -696
3126 -747
3123 -788
3120 -809
3125 -811
3153 -776
3201 -714
3242 -666
3265 -659
3267 -700
3263 -758
3272 -811
3291 -850
3328 -861
.PEN_DOWN
3437 -729
3444 -737
3457 -743
3498 -742
3546 -722
3592 -683
3616 -640
3609 -613
3561 -624
3511 -674
3483 -737
3493 -791
3539 -831
3611 -842
.SEGMENT WORD 288:0-293:14 OK "Time"
.PEN_DOWN
2280 -293
2280 -290
2280 -289
2281 -295
2278 -336
2278 -412
2276 -510
2278 -609
2275 -692
2271 -752
2271 -789
2268 -796
.PEN_DOWN
1992 -321
1969 -311
1947 -302
1937 -295
1947 -300
2012 -306
2142 -309
2296 -305
2430 -298
2529 -295
2590 -292
2629 -294
.PEN_DOWN
2549 -840
2554 -841
2571 -833
2604 -817
2645 -784
2688 -742
2716 -709
2733 -693
2731 -711
2729 -743
2733 -779
2753 -801
2792 -804
.PEN_DOWN
2776 -506
2782 -506
2787 -510
.PEN_DOWN
3063 -841
3050 -835
3037 -829
3029 -826
3024 -824
3034 -809
3050 -784
3093 -723
3123 -692
3154 -667
3179 -675
3186 -708
3192 -762
3189 -796
3189 -815
3191 -824
3201 -810
3229 -745
3263 -685
3285 -654
3305 -640
3315 -661
3318 -716
3320 -747
3318 -780
3316 -798
3328 -794
3343 -768
3386 -700
3412 -664
3427 -655
3435 -676
3442 -713
3449 -759
3455 -794
3463 -817
.PEN_DOWN
3579 -753
3576 -753
3579 -754
3599 -758
3640 -754
3685 -732
3723 -701
3741 -659
3736 -630
3702 -638
3660 -682
3637 -738
3644 -786
3680 -817
3740 -827
.SEGMENT WORD 294:0-299:14 OK "COULD"
.PEN_DOWN
2486 -337
2490 -329
2485 -320
2471 -310
2438 -300
2399 -306
2304 -359
2238 -418
2171 -516
2151 -616
2192 -701
2303 -764
2394 -783
2470 -770
.PEN_DOWN
2888 -458
2888 -448
2888 -428
2875 -402
2837 -387
2767 -392
2688 -435
2624 -506
2595 -590
2607 -670
2657 -727
2728 -753
2802 -745
2865 -695
2898 -605
2891 -514
2865 -444
.PEN_DOWN
3098 -422
3098 -418
3101 -421
3091 -450
3075 -516
3058 -605
3060 -693
3085 -760
3129 -794
3189 -790
3253 -740
3313 -647
3344 -546
3351 -474
3351 -437
3343 -444
3334 -491
3331 -559
3330 -635
3331 -703
3333 -752
3334 -785
.PEN_DOWN
3530 -381
3531 -383
3530 -407
3523 -453
3516 -517
3511 -588
3505 -659
3495 -716
3493 -759
3506 -789
3553 -802
3629 -800
3708 -791
3773 -786
3812 -789
.PEN_DOWN
3993 -449
3993 -447
3997 -443
3999 -457
3988 -499
3983 -567
3971 -634
3964 -685
3958 -717
.PEN_DOWN
3948 -413
3948 -412
3951 -406
3963 -401
3993 -396
4040 -398
4092 -417
4138 -463
4161 -533
4163 -613
4133 -685
4080 -742
4014 -774
3936 -790
3890 -791
.SEGMENT WORD 300:0-311:6 OK "THESE"
.PEN_DOWN
2227 -409
2232 -402
2232 -399
2230 -421
2235 -476
2238 -556
2242 -644
2240 -724
2237 -785
2237 -822
2238 -840
.PEN_DOWN
1954 -399
1954 -399
1979 -401
2037 -401
2114 -402
2238 -402
2374 -401
2432 -399
2483 -401
2514 -402
.PEN_DOWN
2736 -424
2733 -424
2733 -424
2731 -452
2726 -511
2719 -597
2711 -682
2706 -755
2701 -809
2705 -833
.PEN_DOWN
2883 -402
2878 -426
2873 -480
2867 -562
2867 -654
2870 -733
2870 -794
2875 -832
.PEN_DOWN
2668 -675
2703 -674
2761 -669
.PEN_DOWN
3249 -468
3249 -470
3249 -470
3249 -485
3244 -532
3242 -602
3239 -677
3235 -738
3232 -779
3225 -795
3217 -780
3206 -723
3197 -639
3191 -562
3192 -516
3210 -489
3258 -474
3333 -461
3406 -453
3458 -448
3492 -445
.PEN_DOWN
3204 -639
3235 -634
3290 -628
3358 -624
3406 -629
.PEN_DOWN
3176 -825
3191 -837
3232 -845
3301 -852
3386 -855
3462 -857
3516 -861
.PEN_DOWN
3892 -465
3893 -464
3900 -458
3895 -450
3875 -443
3835 -442
3792 -455
3756 -476
3731 -502
3728 -532
3746 -559
3783 -587
3824 -612
3865 -645
3895 -683
3905 -724
3902 -767
3877 -801
3832 -820
3778 -826
3728 -820
3695 -802
.PEN_DOWN
4083 -484
4080 -481
4077 -481
4072 -505
4067 -559
4067 -650
4064 -703
4059 -755
4059 -789
4055 -794
4049 -771
4042 -711
4035 -633
4031 -556
4035 -519
4057 -504
4115 -494
4188 -491
4254 -486
4310 -485
4326 -480
.PEN_DOWN
3993 -618
4012 -624
4037 -628
4108 -629
4153 -633
4202 -639
.PEN_DOWN
4011 -798
4027 -805
4087 -820
4159 -831
4221 -841
4300 -846
4361 -842
.SEGMENT WORD 312:0-315:15 OK "Two"
.PEN_DOWN
2139 -282
2139 -280
2139 -284
2137 -299
2141 -346
2142 -423
2144 -540
2144 -607
2144 -678
2147 -728
2142 -755
.PEN_DOWN
1802 -254
1800 -248
1805 -246
1848 -252
1959 -258
2114 -257
2268 -257
2382 -254
2457 -257
2505 -254
.PEN_DOWN
2584 -752
2584 -748
2589 -744
2610 -731
2637 -709
2678 -665
2714 -628
2739 -612
2744 -635
2739 -680
2736 -738
2736 -763
2753 -779
2792 -762
2820 -727
2852 -680
2872 -645
2872 -645
2868 -671
2867 -706
2880 -736
2901 -752
2931 -745
2956 -712
2969 -644
2972 -615
2974 -588
2986 -583
3015 -579
3065 -572
3115 -559
.PEN_DOWN
3435 -654
3435 -654
3437 -655
3444 -647
3447 -630
3439 -614
3407 -609
3354 -634
3316 -681
3303 -737
3320 -783
3354 -805
3396 -801
3429 -765
3434 -707
3411 -657
.SEGMENT WORD 316:0-319:25 OK "May"
.PEN_DOWN
2162 -268
2162 -268
2164 -269
2162 -297
2159 -361
2154 -468
2144 -583
2137 -681
2136 -747
2133 -785
2128 -788
2124 -737
2123 -633
2121 -507
2114 -408
2116 -350
2126 -326
2161 -346
2210 -403
2271 -480
2328 -548
2367 -602
2395 -630
2414 -635
.PEN_DOWN
2475 -540
2503 -438
2519 -378
2509 -378
2475 -426
2427 -499
2389 -567
2369 -615
2372 -633
2400 -602
2452 -510
2503 -404
2529 -336
2544 -308
2552 -337
2561 -413
2569 -511
2576 -612
2586 -693
2594 -753
2604 -783
.PEN_DOWN
2929 -680
2929 -680
2934 -674
2946 -661
2953 -635
2948 -602
2923 -585
2872 -597
2815 -639
2774 -697
2757 -754
2762 -801
2784 -831
2822 -829
2860 -789
2890 -727
2905 -675
2915 -645
2920 -647
2921 -683
2928 -732
2941 -774
2971 -804
3020 -814
.PEN_DOWN
3260 -640
3260 -638
3260 -638
3262 -635
3257 -651
3247 -691
3249 -742
3265 -785
3295 -810
3333 -809
3368 -775
3397 -719
3415 -681
3427 -661
3425 -674
3419 -722
3412 -800
3401 -883
3381 -957
3359 -1012
3330 -1042
3305 -1037
3311 -1002
3344 -955
3401 -920
3458 -899
.SEGMENT WORD 320:0-323:23 OK "then"
.PEN_DOWN
1865 -738
1863 -738
1875 -734
1918 -717
1984 -685
2058 -626
2121 -541
2161 -469
2187 -421
2192 -408
2180 -454
2159 -537
2134 -634
2116 -711
2108 -765
2098 -796
2090 -794
2085 -750
2070 -685
2063 -636
2068 -607
2098 -603
2157 -602
2225 -597
2290 -588
2339 -581
.PEN_DOWN
2538 -600
2531 -602
2524 -607
2529 -608
2559 -599
2607 -566
2660 -509
2696 -424
2711 -351
2708 -311
2680 -334
2643 -412
2610 -521
2586 -639
2569 -734
2561 -798
2556 -832
2561 -827
2590 -781
2632 -723
2670 -683
2690 -685
2696 -721
2700 -769
2711 -812
2741 -840
2791 -847
.PEN_DOWN
3024 -722
3017 -731
3017 -738
3025 -750
3063 -745
3115 -728
3161 -690
3184 -647
3179 -618
3141 -624
3090 -669
3057 -732
3052 -796
3078 -840
3128 -862
3196 -855
.PEN_DOWN
3419 -847
3420 -851
3424 -847
3447 -829
3487 -790
3546 -726
3573 -705
3601 -696
3606 -727
3602 -796
3601 -840
3597 -878
3599 -898
3611 -894
3652 -836
3688 -786
3720 -738
3745 -713
3749 -736
3748 -764
3754 -819
3771 -845
3830 -867
3883 -857
.SEGMENT WORD 324:0-326:14 OK "Do"
.PEN_DOWN
2326 -357
2324 -354
2324 -354
2326 -365
2323 -404
2318 -478
2311 -576
2308 -667
2304 -739
2301 -784
2301 -804
.PEN_DOWN
2210 -334
2205 -336
2215 -335
2255 -325
2338 -313
2435 -311
2518 -345
2574 -418
2604 -519
2607 -620
2581 -709
2521 -770
2435 -810
2336 -822
2257 -819
2215 -811
.PEN_DOWN
2938 -734
2943 -728
2953 -700
2949 -675
2923 -643
2880 -638
2805 -676
2746 -734
2734 -800
2762 -860
2800 -877
2857 -867
2906 -815
2931 -739
2918 -671
.SEGMENT WORD 327:0-333:3 OK "first"
.PEN_DOWN
2061 -552
2058 -553
2058 -557
2075 -557
2123 -541
2184 -507
2243 -447
2273 -371
2280 -303
2257 -271
2214 -293
2166 -381
2124 -520
2085 -676
2058 -815
2048 -917
2043 -982
2052 -1001
2063 -966
2070 -892
2056 -817
2040 -775
2035 -755
2055 -750
2108 -736
2177 -716
2242 -697
.PEN_DOWN
2440 -773
2450 -769
2473 -760
2506 -743
2533 -721
2566 -677
2589 -641
2597 -626
2586 -647
2572 -690
2574 -732
2602 -767
2632 -767
.PEN_DOWN
2688 -409
2683 -413
.PEN_DOWN
2789 -757
2784 -757
2789 -752
2812 -733
2848 -697
2880 -644
2896 -598
2893 -571
2885 -562
2888 -572
2910 -587
2946 -600
2977 -613
2996 -638
2986 -670
2969 -708
2964 -745
2969 -773
2997 -788
3047 -786
.PEN_DOWN
3199 -821
3212 -819
3234 -801
3268 -767
3306 -712
3326 -666
3341 -641
3351 -640
3368 -661
3382 -693
3386 -733
3371 -769
3341 -795
3310 -807
3291 -810
.PEN_DOWN
3458 -816
3473 -815
3503 -798
3543 -765
3586 -705
3625 -626
3652 -569
3665 -537
3659 -546
3637 -592
3619 -657
3619 -722
3635 -769
3670 -790
.PEN_DOWN
3614 -628
3632 -629
3675 -626
3731 -628
.SEGMENT WORD 334:0-336:40 OK "any"
.PEN_DOWN
2412 -581
2410 -578
2405 -571
2397 -551
2376 -516
2342 -478
2291 -455
2209 -480
2119 -548
2060 -630
2042 -703
2070 -748
2128 -760
2195 -736
2258 -675
2301 -598
2323 -543
2329 -520
2326 -541
2321 -598
2324 -667
2342 -729
2367 -775
2397 -796
.PEN_DOWN
2678 -770
2683 -767
2696 -749
2731 -711
2772 -647
2820 -583
2852 -541
2868 -553
2870 -613
2867 -682
2867 -739
2863 -778
2870 -786
2891 -749
2934 -674
2979 -599
3007 -558
3019 -564
3017 -612
3020 -670
3040 -721
3082 -747
3146 -748
.PEN_DOWN
3396 -771
3394 -778
3397 -780
3415 -770
3450 -747
3488 -702
3526 -647
3549 -612
3554 -612
3546 -644
3543 -688
3551 -731
3574 -753
3612 -744
3649 -706
3677 -657
3690 -629
3690 -624
3685 -643
3688 -672
3692 -696
3698 -706
3700 -703
3702 -696
3705 -688
3705 -685
3706 -686
3705 -702
3693 -733
3682 -779
3663 -838
3642 -909
3612 -976
3586 -1023
3551 -1050
3521 -1048
3511 -1012
3535 -953
3591 -900
3667 -863
3736 -836
.SEGMENT WORD 337:0-338:31 OK "my"
.PEN_DOWN
2035 -695
2032 -697
2027 -697
2025 -697
2022 -681
2033 -643
2063 -582
2101 -532
2142 -519
2166 -551
2177 -614
2182 -678
2189 -729
2190 -757
2200 -755
2217 -712
2242 -640
2273 -582
2295 -561
2308 -583
2311 -634
2311 -687
2308 -728
2306 -750
2314 -743
2342 -700
2384 -634
2427 -584
2455 -568
2466 -598
2473 -645
2488 -695
2523 -732
2577 -742
.PEN_DOWN
2888 -745
2888 -745
2891 -745
2913 -736
2944 -707
2984 -660
3012 -615
3029 -592
3030 -605
3022 -649
3022 -697
3029 -734
3058 -753
3096 -742
3133 -691
3159 -641
3177 -604
3186 -589
3186 -589
3189 -598
3187 -609
3184 -644
3181 -708
3166 -796
3141 -889
3110 -962
3077 -1010
3047 -1019
3035 -986
3057 -934
3110 -884
3179 -853
.SEGMENT WORD 339:0-341:28 OK "Now"
.PEN_DOWN
2179 -309
2177 -326
2171 -373
2164 -452
2154 -554
2141 -651
2134 -722
2126 -764
2124 -764
2121 -713
2119 -619
2121 -504
2128 -430
2131 -407
2152 -445
2200 -523
2268 -618
2341 -707
2399 -775
2433 -807
2462 -785
2483 -701
2501 -563
2523 -432
2534 -336
2544 -274
2566 -238
.PEN_DOWN
2860 -771
2860 -762
2865 -736
2863 -686
2840 -646
2791 -630
2726 -664
2672 -721
2655 -785
2675 -836
2716 -856
2776 -840
2827 -778
2845 -693
2838 -629
.PEN_DOWN
3053 -868
3058 -855
3082 -826
3126 -774
3174 -713
3206 -678
3215 -682
3209 -727
3201 -779
3196 -826
3204 -850
3229 -845
3268 -805
3306 -739
3330 -693
3331 -681
3316 -709
3306 -758
3310 -801
3331 -827
3368 -824
3407 -773
3429 -696
3439 -641
3442 -610
3460 -602
3503 -598
3566 -593
3637 -592
.SEGMENT WORD 342:0-345:24 OK "Such"
.PEN_DOWN
2385 -308
2384 -305
2382 -295
2371 -282
2341 -268
2290 -272
2230 -294
2187 -331
2164 -371
2171 -414
2210 -455
2285 -497
2366 -548
2427 -608
2452 -670
2435 -726
2379 -762
2298 -784
2218 -784
2149 -762
2101 -719
.PEN_DOWN
2667 -598
2670 -604
2665 -628
2653 -677
2648 -738
2667 -791
2710 -819
2767 -814
2834 -773
2885 -703
2915 -651
2913 -636
2901 -661
2890 -708
2885 -755
2895 -793
2908 -821
.PEN_DOWN
3242 -667
3242 -662
3249 -655
3249 -625
3244 -614
3204 -618
3131 -675
3105 -724
3101 -801
3126 -832
3181 -856
3242 -853
.PEN_DOWN
3401 -628
3411 -629
3440 -620
3498 -599
3559 -553
3606 -476
3627 -393
3619 -331
3579 -321
3523 -367
3480 -463
3454 -584
3442 -700
3434 -788
3429 -843
3432 -860
3458 -824
3503 -769
3536 -732
3559 -724
3569 -748
3579 -780
3596 -807
3630 -825
3687 -821
.SEGMENT WORD 346:0-350:15 OK "Like"
.PEN_DOWN
2136 -350
2136 -349
2136 -349
2133 -364
2124 -401
2106 -485
2078 -615
2066 -688
2060 -770
2063 -821
2083 -850
2136 -856
2223 -856
2341 -862
2402 -864
2460 -867
2496 -871
.PEN_DOWN
2607 -848
2610 -848
2633 -838
2672 -815
2719 -768
2757 -717
2782 -681
2782 -680
2771 -714
2761 -760
2771 -804
2802 -830
2852 -826
.PEN_DOWN
2838 -475
2847 -476
.PEN_DOWN
3078 -602
3078 -608
3085 -607
3113 -594
3159 -557
3204 -495
3234 -417
3234 -357
3212 -340
3177 -378
3139 -465
3115 -578
3098 -688
3088 -771
3080 -825
3075 -842
3080 -815
3106 -748
3149 -680
3192 -643
3227 -638
3244 -649
3237 -666
3206 -686
3171 -707
3144 -729
3138 -757
3151 -790
3181 -825
3212 -850
3237 -864
.PEN_DOWN
3445 -713
3447 -714
3450 -719
3458 -731
3498 -729
3539 -714
3573 -690
3604 -643
3597 -625
3536 -644
3493 -683
3460 -745
3470 -802
3521 -846
3568 -851
3616 -843
.SEGMENT WORD 351:0-353:18 OK "Our"
.PEN_DOWN
2486 -306
2485 -304
2468 -294
2432 -288
2369 -303
2286 -357
2204 -452
2149 -572
2147 -695
2192 -796
2278 -861
2374 -874
2466 -840
2543 -748
2576 -621
2556 -501
2490 -422
2402 -386
2328 -385
.PEN_DOWN
2751 -884
2751 -881
2774 -872
2815 -842
2868 -790
2908 -729
2931 -690
2928 -691
2915 -733
2905 -791
2905 -848
2920 -886
2954 -893
3001 -862
3043 -799
3072 -740
3090 -706
3083 -709
3077 -747
3072 -796
3080 -842
3105 -871
3153 -876
.PEN_DOWN
3379 -899
3384 -898
3411 -883
3437 -856
3470 -802
3488 -740
3487 -698
3480 -681
3478 -680
3492 -692
3526 -702
3566 -709
3589 -718
3582 -745
3559 -785
3544 -831
3549 -869
3579 -894
3644 -898
.SEGMENT WORD 354:0-357:18 OK "Over"
.PEN_DOWN
2420 -313
2420 -311
2420 -304
2419 -294
2409 -279
2382 -274
2326 -292
2252 -340
2179 -424
2126 -531
2121 -649
2162 -752
2237 -824
2329 -853
2424 -832
2501 -754
2543 -633
2536 -504
2481 -398
2404 -334
2323 -309
2268 -314
.PEN_DOWN
2695 -806
2695 -810
2693 -812
2710 -801
2744 -768
2789 -714
2837 -661
2868 -630
2883 -640
2886 -685
2891 -748
2896 -805
2908 -845
2938 -851
2971 -814
2997 -733
3007 -651
2999 -600
2986 -578
2987 -587
3010 -602
3060 -609
3120 -607
3131 -599
.PEN_DOWN
3287 -736
3285 -744
3285 -753
3301 -764
3336 -755
3379 -731
3415 -683
3430 -634
3412 -599
3364 -612
3318 -656
3293 -721
3295 -783
3321 -827
3366 -847
3429 -836
.PEN_DOWN
3650 -884
3652 -881
3667 -863
3692 -824
3723 -755
3745 -686
3741 -641
3728 -625
3721 -626
3741 -641
3774 -651
3817 -660
3840 -671
3835 -698
3814 -738
3811 -783
3819 -821
3857 -845
3910 -847
.SEGMENT WORD 358:0-361:22 OK "Man"
.PEN_DOWN
2159 -269
2159 -273
2159 -277
2157 -308
2156 -382
2152 -481
2151 -592
2146 -685
2141 -745
2137 -780
2133 -771
2126 -707
2123 -599
2119 -473
2119 -371
2119 -314
2133 -305
2171 -342
2228 -416
2293 -496
2347 -567
2385 -618
2410 -646
.PEN_DOWN
2554 -320
2529 -365
2480 -439
2432 -521
2395 -583
2381 -621
2395 -614
2443 -556
2501 -452
2548 -359
2572 -306
2579 -308
2581 -367
2576 -469
2574 -582
2576 -677
2574 -745
2576 -786
.PEN_DOWN
3010 -716
3017 -708
3029 -691
3039 -657
3035 -615
3004 -589
2946 -593
2883 -630
2838 -688
2824 -750
2837 -800
2870 -825
2915 -819
2964 -767
3001 -700
3024 -656
3030 -641
3025 -662
3022 -708
3025 -762
3030 -805
3042 -830
.PEN_DOWN
3224 -827
3219 -826
3222 -819
3239 -794
3275 -752
3316 -695
3356 -650
3382 -633
3389 -661
3387 -717
3387 -774
3384 -816
3387 -842
3394 -836
3424 -795
3460 -734
3490 -692
3500 -681
3498 -707
3508 -744
3526 -781
3563 -802
3619 -801
.SEGMENT WORD 362:0-366:4 OK "ME"
.PEN_DOWN
2149 -278
2149 -278
2146 -292
2142 -339
2137 -421
2139 -520
2142 -623
2144 -702
2147 -753
2142 -773
2136 -745
2128 -662
2119 -545
2114 -437
2109 -368
2123 -336
2161 -351
2207 -402
2260 -475
2313 -554
2356 -619
2389 -662
2409 -687
.PEN_DOWN
2559 -320
2546 -345
2513 -406
2466 -485
2427 -562
2397 -614
2389 -641
2402 -625
2433 -558
2481 -455
2516 -378
2534 -340
2543 -364
2551 -438
2556 -538
2564 -640
2572 -721
2577 -773
2586 -798
.PEN_DOWN
2796 -402
2805 -395
2809 -391
2812 -414
2807 -473
2800 -554
2792 -640
2787 -706
2784 -747
2784 -749
2786 -702
2784 -604
2782 -500
2784 -427
2805 -378
2853 -355
2928 -339
3009 -323
3073 -311
3113 -305
.PEN_DOWN
2819 -515
2858 -516
2921 -514
2981 -512
.PEN_DOWN
2782 -768
2814 -774
2891 -769
2987 -765
3072 -769
.SEGMENT WORD 367:0-374:31 OK "EVEN"
.PEN_DOWN
2075 -293
2075 -294
2080 -300
2081 -337
2081 -418
2078 -521
2075 -619
2073 -693
2073 -738
2071 -752
2070 -714
2058 -624
2040 -511
2028 -422
2033 -361
2065 -319
2141 -290
2243 -272
2336 -254
2405 -246
2452 -242
.PEN_DOWN
2137 -475
2167 -485
2222 -488
2288 -486
2329 -490
.PEN_DOWN
2199 -621
2149 -671
2136 -713
2172 -743
2252 -757
2346 -767
2432 -770
.PEN_DOWN
2830 -316
2827 -313
2827 -313
2834 -324
2845 -367
2867 -444
2886 -541
2906 -631
2924 -702
2936 -748
2948 -762
2972 -731
3015 -639
3065 -517
3106 -422
3131 -367
3148 -340
.PEN_DOWN
3287 -373
3287 -376
3287 -383
3280 -430
3278 -507
3270 -599
3267 -678
3263 -729
3262 -754
3258 -739
3253 -678
3244 -582
3237 -490
3237 -430
3258 -391
3313 -367
3384 -354
3452 -341
3508 -330
3546 -321
.PEN_DOWN
3258 -540
3268 -545
3308 -545
3368 -540
3434 -536
3470 -538
.PEN_DOWN
3351 -644
3288 -681
3255 -719
3257 -750
3305 -771
3394 -785
3498 -790
3591 -793
3652 -793
.PEN_DOWN
4002 -421
3983 -395
3971 -378
3964 -366
3958 -366
3941 -402
3920 -473
3903 -563
3885 -647
3875 -709
3869 -747
3865 -752
3870 -709
3877 -626
3885 -527
3890 -448
3892 -399
3893 -382
3911 -412
3943 -468
3991 -548
4044 -628
4085 -693
4121 -742
4145 -763
4161 -747
4178 -680
4196 -576
4217 -469
4232 -392
4249 -349
4265 -328
.SEGMENT WORD 375:0-379:3 OK "most"
.PEN_DOWN
1865 -840
1861 -841
1855 -843
1851 -843
1855 -840
1870 -812
1899 -759
1949 -690
2002 -639
2042 -643
2056 -695
2061 -760
2066 -817
2063 -853
2070 -860
2093 -829
2123 -758
2154 -695
2179 -669
2184 -688
2182 -736
2179 -788
2176 -829
2176 -850
2189 -837
2225 -784
2266 -719
2291 -686
2303 -702
2308 -749
2324 -796
2356 -830
2407 -836
2465 -812
.PEN_DOWN
2991 -775
2994 -771
3005 -755
3005 -723
2984 -690
2928 -671
2858 -696
2802 -745
2782 -805
2802 -853
2847 -882
2895 -881
2938 -841
2959 -767
2959 -700
.PEN_DOWN
3167 -922
3166 -924
3171 -915
3191 -895
3229 -848
3275 -780
3308 -722
3330 -686
3354 -688
3377 -722
3392 -770
3389 -819
3363 -856
3325 -874
3280 -874
3258 -861
.PEN_DOWN
3506 -895
3520 -892
3546 -878
3586 -846
3644 -786
3695 -703
3731 -629
3748 -583
3746 -582
3733 -625
3725 -691
3728 -758
3746 -811
3781 -833
.PEN_DOWN
3680 -687
3705 -691
3759 -687
3819 -680
.SEGMENT WORD 380:0-388:7 OK "MADE"
.PEN_DOWN
1941 -378
1942 -386
1946 -416
1941 -478
1937 -567
1936 -651
1936 -718
1934 -757
1934 -763
1937 -724
1929 -634
1919 -520
1909 -427
1909 -378
1919 -381
1949 -427
2002 -494
2060 -566
2109 -619
2142 -655
2159 -670
.PEN_DOWN
2247 -457
2265 -417
2273 -413
2250 -449
2210 -512
2166 -578
2141 -628
2136 -651
2157 -629
2205 -554
2257 -452
2295 -377
2318 -344
2323 -368
2326 -439
2328 -537
2338 -634
2347 -713
2354 -767
2361 -793
.PEN_DOWN
2767 -361
2777 -362
2776 -367
2761 -416
2724 -504
2676 -604
2635 -692
2609 -752
2594 -784
2597 -770
2622 -703
2662 -587
2700 -471
2728 -398
2744 -368
2766 -385
2791 -442
2822 -526
2855 -618
2888 -701
2910 -760
2924 -796
.PEN_DOWN
2643 -650
2658 -650
2705 -650
2772 -654
2843 -662
.PEN_DOWN
3232 -465
3234 -448
3235 -434
3237 -428
3237 -435
3239 -481
3242 -553
3242 -631
3242 -697
3239 -739
3232 -760
.PEN_DOWN
3209 -612
3191 -540
3176 -486
3171 -450
3191 -424
3244 -411
3321 -411
3394 -433
3447 -489
3455 -567
3427 -643
3371 -707
3305 -754
3255 -779
.PEN_DOWN
3635 -481
3621 -471
3612 -464
3609 -466
3606 -495
3604 -553
3606 -625
3607 -686
3609 -724
3609 -743
3609 -727
3604 -672
3596 -587
3591 -506
3589 -455
3607 -423
3662 -407
3735 -401
3807 -393
3864 -387
3897 -382
.PEN_DOWN
3584 -553
3584 -557
3601 -559
3642 -566
3700 -568
3754 -571
.PEN_DOWN
3566 -750
3574 -753
3601 -759
3655 -764
3733 -768
3819 -771
3887 -774
3931 -778
.SEGMENT WORD 389:0-399:30 OK "AFTER"
.PEN_DOWN
2195 -381
2195 -381
.PEN_DOWN
2197 -378
2197 -375
2197 -372
2197 -372
2185 -399
2172 -442
2141 -536
2093 -641
2052 -736
2015 -817
2000 -852
2000 -848
2022 -790
2068 -640
2096 -540
2126 -435
2144 -370
2162 -350
2185 -380
2214 -468
2228 -559
2245 -633
2266 -722
2293 -793
2308 -841
2324 -874
2326 -867
.PEN_DOWN
2048 -712
2060 -712
2094 -712
2151 -701
2215 -696
.PEN_DOWN
2561 -416
2566 -416
2564 -426
2571 -469
2577 -545
2579 -635
2582 -714
2584 -775
2584 -811
2579 -810
2572 -768
2567 -680
2569 -571
2576 -489
2600 -433
2645 -401
2705 -382
2767 -368
2819 -359
2855 -352
.PEN_DOWN
2548 -621
2557 -626
2592 -628
2650 -625
2714 -618
.PEN_DOWN
3095 -457
3098 -455
3106 -448
3113 -448
3118 -460
3115 -500
3111 -572
3106 -652
3105 -724
3106 -775
3103 -807
3095 -817
.PEN_DOWN
2918 -439
2918 -437
2918 -432
2926 -424
2944 -414
2974 -417
3043 -413
3134 -412
3239 -411
3285 -407
3334 -406
3354 -398
.PEN_DOWN
3434 -473
3434 -474
3435 -474
3434 -491
3440 -538
3444 -610
3442 -688
3439 -753
3435 -795
3432 -812
3422 -799
3412 -743
3399 -665
3392 -594
3397 -545
3425 -516
3478 -504
3544 -492
3602 -481
3645 -476
3673 -471
.PEN_DOWN
3397 -651
3401 -657
3430 -661
3477 -662
3530 -667
.PEN_DOWN
3366 -815
3376 -824
3412 -833
3478 -846
3564 -853
3650 -857
3706 -862
.PEN_DOWN
3920 -531
3923 -530
3925 -531
3925 -562
3923 -619
3920 -709
3913 -771
3911 -806
3905 -837
3890 -841
3877 -795
3880 -739
3913 -616
3946 -553
3999 -496
4069 -470
4097 -479
4113 -517
4078 -574
4042 -600
3986 -629
3935 -647
3916 -654
3903 -660
3913 -675
3940 -711
3989 -770
4034 -816
4062 -841
4090 -866
4102 -878
.SEGMENT WORD 400:0-403:14 OK "also"
.PEN_DOWN
2387 -538
2389 -536
2395 -521
2399 -507
2389 -475
2371 -463
2301 -488
2232 -552
2192 -610
2172 -692
2189 -753
2247 -793
2293 -791
2357 -745
2415 -665
2460 -569
2473 -526
2473 -521
2463 -563
2457 -609
2448 -683
2453 -742
2480 -783
2544 -793
.PEN_DOWN
2858 -634
2855 -638
2857 -645
2872 -647
2918 -633
2979 -592
3042 -525
3090 -435
3118 -359
3123 -311
3088 -314
3032 -378
2972 -486
2938 -604
2929 -705
2951 -771
2994 -805
3058 -800
.PEN_DOWN
3303 -820
3308 -821
3334 -809
3381 -773
3435 -709
3482 -631
3511 -581
3535 -554
3548 -567
3564 -604
3574 -655
3571 -703
3544 -743
3505 -765
3465 -769
3440 -760
3442 -743
.PEN_DOWN
3903 -659
3905 -652
3902 -633
3898 -612
3875 -597
3824 -608
3766 -646
3723 -703
3710 -763
3728 -810
3764 -831
3804 -824
3835 -775
3854 -712
3842 -660
.SEGMENT WORD 404:0-407:23 OK "did"
.PEN_DOWN
2379 -713
2382 -709
2389 -700
2394 -682
2392 -650
2376 -612
2336 -587
2271 -595
2192 -647
2137 -718
2124 -788
2147 -833
2205 -852
2275 -835
2339 -768
2385 -665
2415 -551
2432 -474
2433 -439
2432 -457
2424 -526
2417 -624
2409 -717
2405 -785
2409 -830
.PEN_DOWN
2635 -872
2640 -872
2670 -860
2710 -826
2751 -774
2776 -738
2792 -702
2796 -702
2792 -734
2789 -779
2800 -814
2829 -835
2870 -825
.PEN_DOWN
2913 -481
2915 -478
.PEN_DOWN
3220 -840
3220 -836
3224 -825
3234 -796
3237 -752
3224 -705
3179 -672
3125 -675
3077 -709
3057 -757
3067 -804
3093 -835
3133 -836
3181 -798
3229 -712
3267 -607
3293 -528
3308 -488
3301 -494
3293 -546
3285 -625
3287 -708
3295 -771
3320 -807
.SEGMENT WORD 408:0-415:8 OK "MANY"
.PEN_DOWN
2114 -367
2116 -361
2114 -371
2111 -417
2111 -501
2104 -609
2103 -706
2096 -774
2093 -814
2093 -814
2090 -764
2090 -672
2091 -563
2098 -481
2106 -439
2126 -442
2159 -484
2200 -548
2235 -607
2265 -651
2283 -680
.PEN_DOWN
2291 -636
2291 -636
.PEN_DOWN
2428 -406
2417 -430
2385 -489
2341 -563
2301 -631
2278 -681
2268 -706
2285 -687
2326 -615
2374 -523
2405 -459
2422 -430
2428 -452
2432 -526
2433 -618
2442 -708
2445 -775
2452 -816
.PEN_DOWN
2762 -478
2771 -466
2774 -465
2764 -491
2731 -564
2685 -660
2645 -747
2619 -810
2605 -845
2617 -833
2648 -767
2696 -657
2733 -564
2757 -507
2771 -496
2787 -530
2800 -603
2820 -692
2842 -769
2857 -825
2875 -860
2860 -853
.PEN_DOWN
2627 -731
2643 -733
2683 -736
2739 -736
2797 -739
.PEN_DOWN
3096 -562
3093 -535
3096 -511
3096 -497
3095 -514
3090 -576
3086 -657
3086 -739
3083 -798
3082 -830
3077 -829
3073 -779
3070 -690
3078 -600
3080 -542
3090 -514
3113 -522
3146 -566
3187 -633
3232 -701
3267 -754
3295 -789
3316 -794
3336 -755
3354 -669
3371 -571
3381 -497
3391 -453
3394 -433
3379 -444
.PEN_DOWN
3579 -466
3586 -468
3591 -478
3606 -505
3629 -545
3663 -585
3693 -620
.PEN_DOWN
3860 -449
3839 -463
3797 -517
3736 -608
3662 -719
3592 -824
3543 -900
3516 -949
3501 -974
.SEGMENT WORD 416:0-426:5 OK "BEFORE"
.PEN_DOWN
1992 -375
1984 -366
1979 -364
1975 -366
1975 -383
1974 -458
1974 -542
1977 -631
1974 -691
1972 -747
1967 -776
1959 -760
1949 -691
1949 -552
1954 -453
1969 -398
2012 -354
2093 -342
2146 -356
2167 -388
2157 -418
2119 -459
2083 -490
2056 -511
2056 -520
2076 -521
2126 -530
2185 -556
2247 -612
2265 -661
2261 -698
2222 -743
2154 -779
2060 -802
2012 -804
1969 -786
.PEN_DOWN
2465 -378
2476 -371
2478 -376
2480 -416
2473 -491
2471 -585
2471 -669
2468 -727
2468 -758
2465 -748
2457 -696
2447 -608
2447 -514
2455 -444
2478 -398
2523 -375
2594 -361
2673 -351
2739 -342
2781 -339
.PEN_DOWN
2440 -542
2452 -545
2488 -551
2544 -551
2607 -552
2667 -556
.PEN_DOWN
2424 -771
2448 -773
2501 -774
2590 -770
2685 -767
2761 -764
2815 -764
.PEN_DOWN
3105 -412
3106 -408
3110 -397
3116 -392
3118 -397
3115 -442
3110 -520
3110 -608
3108 -685
3106 -736
3105 -763
3105 -755
3105 -702
3096 -616
3091 -535
3088 -476
3101 -439
3146 -421
3217 -408
3293 -397
3351 -388
3391 -387
3401 -387
.PEN_DOWN
3048 -576
3055 -578
3091 -587
3156 -595
3230 -599
3290 -602
.PEN_DOWN
3660 -483
3660 -480
3662 -469
3657 -452
3647 -437
3612 -438
3554 -466
3492 -525
3452 -602
3450 -683
3485 -753
3539 -798
3609 -806
3667 -780
3710 -709
3720 -619
3697 -541
3647 -491
3584 -469
.PEN_DOWN
3839 -490
3845 -479
3852 -465
3854 -461
3849 -489
3845 -527
3837 -623
3837 -681
3830 -757
3830 -781
3822 -789
3816 -754
3822 -678
3850 -585
3900 -515
3963 -483
4016 -479
4047 -510
4035 -535
3991 -573
3958 -587
3930 -599
3905 -612
3903 -631
3920 -672
3968 -736
4006 -778
4026 -800
4050 -819
.PEN_DOWN
4232 -510
4221 -497
4209 -488
4201 -483
4193 -501
4186 -550
4188 -616
4191 -688
4194 -747
4191 -781
4188 -785
4181 -752
4174 -686
4163 -602
4159 -536
4161 -491
4184 -471
4232 -468
4293 -466
4351 -463
4391 -460
4419 -458
4412 -454
.PEN_DOWN
4133 -595
4156 -599
4206 -603
4267 -603
4312 -607
4330 -609
.PEN_DOWN
4112 -827
4150 -820
4226 -816
4317 -815
4398 -816
4449 -815
.SEGMENT WORD 427:0-431:4 OK "must"
.PEN_DOWN
1693 -691
1688 -697
1683 -698
1681 -700
1686 -692
1709 -666
1756 -614
1807 -561
1848 -532
1876 -541
1886 -594
1888 -667
1889 -729
1889 -770
1889 -790
1896 -776
1908 -724
1936 -654
1967 -598
1995 -574
2015 -583
2025 -630
2023 -687
2020 -732
2018 -765
2018 -774
2030 -749
2060 -688
2094 -624
2126 -588
2146 -595
2152 -634
2161 -681
2176 -723
2205 -752
2260 -753
.PEN_DOWN
2508 -794
2523 -786
2538 -775
2582 -738
2614 -707
2662 -636
2678 -613
2686 -605
2675 -657
2663 -700
2662 -759
2672 -784
2708 -781
2739 -758
2781 -701
2819 -635
2830 -614
2830 -620
2819 -659
2814 -697
2824 -754
2857 -781
2908 -785
.PEN_DOWN
3166 -883
3177 -877
3206 -855
3249 -820
3295 -758
3330 -697
3351 -657
3361 -646
3377 -662
3394 -700
3402 -749
3386 -791
3356 -825
3315 -841
3285 -841
.PEN_DOWN
3548 -821
3558 -817
3581 -807
3619 -780
3672 -722
3723 -646
3761 -578
3783 -538
3783 -535
3761 -581
3740 -651
3730 -721
3736 -775
3766 -806
3811 -804
.PEN_DOWN
3711 -657
3730 -662
3776 -660
3844 -656
3902 -650
.SEGMENT WORD 432:0-439:23 OK "Through"
.PEN_DOWN
1924 -334
1924 -336
1924 -337
1924 -350
1921 -388
1916 -455
1906 -537
1899 -623
1891 -691
1886 -740
1885 -770
1876 -771
.PEN_DOWN
1643 -316
1646 -316
1646 -316
1660 -321
1732 -326
1855 -333
1985 -339
2073 -344
2161 -341
2230 -341
2265 -337
.PEN_DOWN
2371 -550
2371 -550
2381 -550
2410 -540
2455 -510
2498 -461
2526 -392
2536 -330
2526 -295
2491 -305
2455 -367
2422 -468
2397 -583
2379 -686
2374 -764
2367 -809
2366 -816
2384 -784
2417 -731
2460 -688
2491 -666
2514 -675
2519 -706
2523 -749
2528 -786
2529 -816
2538 -833
.PEN_DOWN
2716 -829
2719 -831
2731 -830
2754 -812
2781 -781
2807 -731
2820 -680
2820 -649
2819 -639
2817 -645
2829 -655
2860 -666
2895 -676
2916 -688
2916 -716
2903 -752
2898 -788
2908 -819
2936 -836
2989 -840
.PEN_DOWN
3290 -776
3290 -776
3300 -778
3311 -770
3323 -749
3328 -714
3313 -688
3268 -681
3209 -702
3163 -747
3141 -798
3153 -843
3189 -872
3230 -872
3268 -848
3287 -790
3282 -734
.PEN_DOWN
3432 -723
3442 -722
3450 -716
3450 -716
3444 -723
3430 -760
3425 -806
3435 -847
3463 -874
3501 -876
3543 -855
3574 -801
3601 -755
3611 -727
3612 -733
3601 -764
3597 -806
3606 -846
3630 -872
.PEN_DOWN
3845 -780
3857 -773
3873 -752
3878 -726
3852 -711
3806 -724
3764 -762
3746 -802
3751 -836
3769 -852
3801 -846
3832 -815
3859 -776
3873 -750
3878 -754
3875 -791
3880 -850
3883 -924
3877 -991
3862 -1043
3830 -1069
3792 -1065
3773 -1037
3778 -1006
3809 -972
3854 -944
.PEN_DOWN
4006 -719
4011 -722
4034 -711
4074 -687
4117 -645
4151 -578
4161 -511
4158 -460
4136 -445
4107 -470
4078 -536
4060 -633
4047 -727
4040 -800
4037 -843
4040 -861
4062 -840
4097 -810
4130 -789
4146 -793
4153 -817
4158 -851
4169 -874
4198 -889
.SEGMENT WORD 440:0-444:32 OK "Back"
.PEN_DOWN
2009 -390
2010 -373
2012 -352
2020 -336
2025 -337
2028 -378
2032 -460
2033 -558
2037 -649
2038 -717
2038 -760
.PEN_DOWN
1924 -323
1931 -313
1967 -292
2045 -268
2141 -263
2223 -287
2268 -341
2268 -407
2223 -470
2169 -512
2121 -540
2103 -548
2124 -545
2185 -550
2263 -566
2324 -605
2364 -660
2364 -724
2326 -779
2258 -822
2180 -845
2104 -847
2053 -827
2030 -806
.PEN_DOWN
2890 -701
2893 -700
2911 -682
2923 -661
2924 -620
2906 -590
2848 -594
2782 -633
2734 -693
2723 -753
2754 -811
2787 -827
2840 -820
2888 -776
2921 -712
2946 -661
2951 -657
2948 -692
2949 -744
2958 -784
2984 -822
3050 -845
.PEN_DOWN
3594 -670
3599 -665
3602 -649
3584 -633
3533 -628
3470 -662
3425 -718
3412 -776
3439 -826
3490 -856
3564 -863
.PEN_DOWN
3834 -630
3837 -630
3857 -629
3895 -615
3951 -579
3999 -514
4029 -430
4032 -364
4006 -329
3963 -356
3920 -432
3890 -537
3870 -649
3862 -744
3850 -810
3845 -845
3842 -842
3862 -796
3908 -721
3963 -665
4006 -640
4027 -646
4022 -675
3994 -705
3953 -731
3913 -747
3890 -755
3887 -770
3907 -790
3946 -820
3994 -848
4047 -869
4088 -886
.SEGMENT WORD 445:0-458:7 OK "WHERE"
.PEN_DOWN
1236 -216
1236 -216
1236 -220
1248 -241
1266 -302
1293 -396
1321 -506
1347 -603
1370 -671
1387 -709
1398 -711
1408 -670
1422 -593
1438 -507
1453 -450
1465 -422
1486 -433
1506 -483
1527 -553
1552 -625
1577 -687
1600 -729
1628 -747
1660 -723
1694 -644
1729 -526
1762 -407
1789 -321
1813 -274
1817 -248
.PEN_DOWN
1956 -259
1956 -257
1964 -256
1966 -262
1966 -310
1969 -387
1969 -461
1970 -561
1969 -655
1966 -703
1967 -719
1952 -687
.PEN_DOWN
2174 -221
2174 -248
2171 -288
2166 -371
2166 -496
2162 -598
2159 -676
2154 -721
2154 -759
2123 -750
.PEN_DOWN
1942 -545
1972 -543
2033 -535
2121 -535
2156 -533
.PEN_DOWN
2447 -279
2450 -279
2447 -305
2452 -367
2453 -461
2455 -563
2450 -650
2445 -712
2443 -744
.PEN_DOWN
2415 -690
2415 -690
.PEN_DOWN
2387 -302
2394 -298
2424 -292
2478 -287
2544 -282
2614 -278
2670 -277
2708 -273
2700 -254
.PEN_DOWN
2424 -502
2450 -500
2509 -497
2579 -492
2630 -489
2648 -494
2625 -512
.PEN_DOWN
2372 -750
2395 -753
2460 -754
2548 -754
2642 -750
2714 -747
2756 -737
.PEN_DOWN
3103 -272
3103 -280
3100 -316
3093 -387
3091 -481
3085 -576
3086 -651
3080 -697
3068 -711
3053 -677
3035 -612
3057 -530
3052 -435
3060 -366
3090 -316
3149 -282
3222 -268
3280 -287
3301 -334
3285 -396
3235 -448
3172 -481
3115 -500
3086 -504
3096 -501
3136 -514
3182 -541
3227 -583
3267 -636
3300 -685
3325 -717
3353 -736
3333 -707
.PEN_DOWN
3531 -352
3539 -345
3549 -341
3559 -355
3564 -408
3568 -488
3568 -576
3566 -649
3561 -700
3556 -721
3544 -697
3523 -641
.PEN_DOWN
3465 -334
3475 -336
3501 -331
3549 -325
3619 -321
3695 -316
3753 -315
3797 -318
3817 -313
3778 -306
.PEN_DOWN
3546 -522
3574 -527
3634 -530
3695 -532
3746 -528
3746 -527
.PEN_DOWN
3493 -712
3500 -714
3525 -726
3587 -743
3688 -758
3799 -770
3885 -781
3931 -790
.SEGMENT WORD 459:0-465:6 OK "MUCH"
.PEN_DOWN
1560 -316
1564 -316
1569 -330
1574 -390
1579 -460
1579 -568
1577 -681
1575 -731
1572 -771
1570 -783
1567 -736
1567 -646
1572 -527
1579 -454
1580 -396
1600 -390
1646 -448
1684 -501
1737 -573
1780 -636
1808 -681
1828 -707
1837 -692
.PEN_DOWN
2038 -351
2030 -359
2009 -397
1966 -463
1886 -563
1848 -616
1804 -681
1795 -697
1812 -685
1866 -595
1913 -514
1974 -393
1999 -350
2022 -342
2028 -392
2033 -480
2030 -579
2030 -670
2035 -754
2037 -783
2040 -809
.PEN_DOWN
2435 -365
2435 -361
2428 -383
2409 -455
2387 -562
2381 -666
2390 -750
2424 -805
2476 -820
2534 -785
2590 -696
2633 -573
2660 -479
2680 -426
2678 -406
2670 -447
2657 -526
2647 -620
2638 -708
2640 -774
2642 -815
2625 -815
.PEN_DOWN
3148 -401
3146 -398
3146 -395
3146 -383
3138 -367
3103 -360
3040 -390
2967 -466
2906 -569
2885 -667
2911 -750
2976 -800
3062 -816
3053 -779
.PEN_DOWN
3462 -351
3463 -359
3450 -403
3435 -480
3427 -581
3424 -677
3427 -752
3432 -802
.PEN_DOWN
3660 -357
3660 -370
3657 -407
3650 -473
3640 -561
3627 -652
3616 -733
3611 -791
3607 -824
3571 -821
.PEN_DOWN
3336 -612
3339 -618
3366 -623
3432 -630
3511 -633
3582 -633
3589 -609
.SEGMENT WORD 466:0-469:18 OK "your"
.PEN_DOWN
1688 -377
1684 -376
1688 -376
1684 -387
1673 -426
1661 -481
1670 -543
1704 -582
1761 -588
1818 -566
1865 -509
1893 -455
1903 -429
1894 -438
1891 -488
1891 -576
1885 -680
1871 -781
1843 -862
1810 -912
1777 -922
1757 -888
1769 -821
1810 -759
1875 -707
1954 -670
.PEN_DOWN
2395 -466
2397 -464
2399 -460
2399 -454
2397 -439
2377 -417
2346 -417
2276 -453
2207 -530
2199 -593
2230 -638
2266 -655
2324 -650
2367 -605
2382 -530
2374 -463
2347 -419
.PEN_DOWN
2556 -650
2556 -650
2567 -647
2600 -636
2642 -610
2686 -564
2719 -522
2736 -500
2733 -516
2726 -559
2723 -609
2731 -646
2754 -665
2789 -657
2827 -613
2858 -553
2873 -509
2880 -497
2872 -528
2870 -582
2881 -633
2908 -672
2954 -688
.PEN_DOWN
3179 -698
3196 -695
3222 -677
3247 -643
3267 -589
3277 -535
3278 -502
3275 -489
3277 -494
3293 -502
3325 -514
3354 -525
3368 -547
3359 -578
3351 -613
3356 -641
3379 -660
3432 -666
3490 -660
.SEGMENT WORD 470:0-472:28 OK "way"
.PEN_DOWN
1693 -705
1693 -697
1694 -685
1694 -670
1711 -645
1749 -612
1797 -567
1835 -537
1860 -541
1863 -582
1860 -646
1863 -705
1866 -748
1880 -764
1911 -745
1952 -686
1992 -612
2018 -562
2032 -547
2028 -572
2023 -626
2028 -677
2045 -716
2071 -732
2101 -718
2123 -662
2126 -592
2118 -541
2113 -515
2128 -514
2167 -514
2228 -507
2290 -492
.PEN_DOWN
2743 -605
2753 -590
2762 -569
2757 -538
2739 -516
2696 -514
2635 -548
2584 -612
2561 -678
2574 -734
2607 -765
2648 -765
2688 -732
2710 -670
2724 -619
2729 -588
2726 -597
2723 -634
2723 -688
2741 -740
2777 -771
2837 -779
.PEN_DOWN
3174 -768
3181 -768
3202 -759
3239 -739
3278 -702
3316 -650
3341 -610
3348 -594
3336 -624
3326 -671
3325 -721
3334 -750
3359 -757
3396 -737
3427 -686
3452 -640
3462 -609
3465 -605
3457 -635
3452 -697
3437 -778
3417 -866
3387 -949
3344 -1007
3305 -1033
3288 -1024
3315 -976
3379 -919
3455 -876
.SEGMENT WORD 473:0-476:15 OK "Well"
.PEN_DOWN
1691 -298
1694 -292
1694 -292
1704 -318
1716 -378
1742 -473
1772 -569
1804 -655
1823 -708
1842 -733
1860 -708
1883 -641
1909 -564
1923 -514
1932 -506
1947 -546
1966 -610
1987 -674
2009 -722
2025 -745
2052 -726
2094 -652
2151 -536
2199 -429
2233 -359
2255 -323
.PEN_DOWN
2290 -683
2291 -687
2301 -692
2338 -683
2389 -667
2430 -630
2458 -587
2462 -551
2435 -538
2394 -563
2351 -616
2334 -680
2349 -733
2397 -765
2468 -774
2597 -745
.PEN_DOWN
2870 -644
2865 -651
2858 -656
2855 -665
2877 -664
2923 -646
2977 -604
3032 -536
3065 -461
3075 -407
3052 -383
3012 -411
2958 -484
2915 -582
2903 -670
2920 -737
2961 -773
3024 -769
.PEN_DOWN
3298 -721
3328 -708
3377 -683
3442 -641
3498 -568
3535 -483
3551 -421
3531 -391
3483 -418
3422 -489
3374 -584
3361 -677
3377 -749
3429 -793
3495 -798
3549 -771
.SEGMENT WORD 477:0-482:28 OK "DOWN"
.PEN_DOWN
1628 -344
1627 -344
1627 -345
1633 -359
1640 -397
1646 -464
1653 -554
1658 -643
1665 -713
1671 -763
.PEN_DOWN
1643 -745
1643 -745
.PEN_DOWN
1506 -347
1506 -346
1517 -336
1559 -324
1640 -309
1749 -306
1850 -335
1918 -401
1944 -494
1924 -590
1866 -674
1772 -738
1671 -780
1587 -798
1539 -788
1498 -753
.PEN_DOWN
2433 -412
2433 -413
2433 -416
2437 -412
2425 -397
2407 -383
2362 -367
2295 -381
2195 -463
2146 -535
2124 -641
2166 -731
2252 -788
2349 -794
2433 -750
2491 -636
2486 -537
2455 -471
2397 -416
2328 -401
2290 -414
.PEN_DOWN
2744 -411
2748 -413
2757 -417
2772 -445
2794 -506
2814 -597
2832 -682
2852 -750
2867 -794
2886 -796
2913 -750
2943 -665
2969 -585
2989 -538
2999 -532
3014 -572
3029 -633
3045 -695
3062 -739
3082 -760
3115 -737
3156 -660
3197 -554
3232 -465
3258 -409
3331 -376
.PEN_DOWN
3501 -433
3503 -428
3505 -421
3508 -423
3510 -458
3506 -528
3501 -609
3493 -678
3488 -729
3483 -757
3485 -749
3482 -696
3483 -610
3490 -520
3495 -458
3498 -424
3506 -430
3533 -473
3573 -541
3619 -614
3662 -682
3698 -731
3728 -752
3754 -739
3778 -674
3804 -574
3834 -466
3855 -386
3870 -340
.SEGMENT WORD 483:0-488:23 OK "Should"
.PEN_DOWN
2265 -240
2255 -243
2247 -244
2247 -242
2248 -232
2245 -218
2227 -204
2179 -206
2114 -230
2056 -268
2027 -310
2028 -351
2065 -386
2121 -414
2189 -447
2253 -489
2296 -542
2311 -603
2298 -662
2255 -712
2184 -749
2099 -770
2022 -769
1967 -736
1942 -685
1921 -587
.PEN_DOWN
2561 -551
2559 -550
2571 -554
2610 -538
2668 -502
2724 -432
2754 -339
2756 -266
2724 -232
2683 -266
2640 -359
2615 -480
2600 -600
2590 -700
2584 -758
2586 -784
2602 -760
2638 -706
2676 -657
2708 -638
2729 -654
2736 -691
2749 -734
2772 -767
2822 -780
2819 -757
.PEN_DOWN
3263 -708
3268 -702
3283 -685
3285 -654
3273 -616
3235 -594
3176 -604
3116 -651
3082 -712
3083 -768
3118 -802
3167 -809
3212 -778
3235 -712
3232 -643
3210 -590
3171 -540
.PEN_DOWN
3445 -650
3452 -643
3465 -633
3465 -631
3452 -660
3439 -695
3429 -764
3432 -799
3460 -825
3515 -822
3556 -795
3604 -723
3637 -652
3644 -633
3635 -649
3625 -705
3625 -757
3640 -796
3670 -817
.PEN_DOWN
3928 -638
3931 -639
3956 -631
4012 -615
4075 -571
4138 -499
4179 -413
4186 -342
4159 -306
4107 -341
4052 -435
4006 -551
3984 -652
3988 -726
4021 -770
4083 -767
.PEN_DOWN
4331 -724
4343 -718
4360 -703
4369 -677
4361 -643
4323 -616
4274 -619
4222 -650
4198 -695
4199 -738
4217 -762
4254 -763
4293 -732
4338 -656
4376 -553
4401 -470
4417 -419
4416 -409
4404 -448
4386 -523
4369 -616
4351 -701
4346 -767
4346 -805
.SEGMENT WORD 489:0-494:4 OK "HE"
.PEN_DOWN
2109 -189
2113 -189
2114 -202
2121 -258
2128 -357
2119 -496
2098 -638
2088 -760
2088 -855
2096 -907
.PEN_DOWN
2387 -145
2397 -168
2400 -249
2389 -383
2364 -538
2339 -676
2314 -786
2301 -862
.PEN_DOWN
2068 -607
2149 -609
2276 -607
2420 -602
2543 -597
2619 -594
2630 -573
.PEN_DOWN
3096 -261
3093 -269
3090 -316
3085 -409
3077 -522
3065 -633
3048 -718
3039 -774
3032 -788
3034 -740
3043 -621
3052 -473
3053 -356
3057 -285
3077 -243
3134 -227
3230 -223
3333 -222
3417 -225
3475 -225
.PEN_DOWN
3096 -552
3148 -551
3227 -547
3318 -543
3382 -552
.PEN_DOWN
3014 -833
3068 -837
3167 -840
3305 -830
3445 -821
